1a generacion | Tabla 2
No. |    Cruza    |Pto. de cruza| Descendencia | Valor x | Aptitud 
1   |     11011   |     3      |     11001     |   25    |  625
2   |     11101   |     3      |     11111     |   31    |  961
3   |     00010   |     3      |     00010     |    2    |    4
4   |     00110   |     3      |     00110     |    6    |   36
5   |     01011   |     3      |     01000     |    8    |   64
6   |     11000   |     3      |     11011     |   27    |  729
7   |     00010   |     3      |     00011     |    3    |    9
8   |     01011   |     3      |     01010     |   10    |  100
9   |     01001   |     3      |     01011     |   11    |  121
10   |     10111   |     3      |     10101     |   21    |  441
11   |     11101   |     3      |     11111     |   31    |  961
12   |     01011   |     3      |     01001     |    9    |   81
13   |     00001   |     3      |     00011     |    3    |    9
14   |     01011   |     3      |     01001     |    9    |   81
15   |     00010   |     3      |     00000     |    0    |    0
16   |     01100   |     3      |     01110     |   14    |  196
Suma                                                      |    4418
Promedio                                                  | 276.125
Max                                                       |     961
Min                                                       |       0


10a generacion | Tabla 2
No. |    Cruza    |Pto. de cruza| Descendencia | Valor x | Aptitud 
1   |     01010   |     3      |     01001     |    9    |   81
2   |     00001   |     3      |     00010     |    2    |    4
3   |     10111   |     3      |     10111     |   23    |  529
4   |     11011   |     3      |     11011     |   27    |  729
5   |     00010   |     3      |     00010     |    2    |    4
6   |     01010   |     3      |     01010     |   10    |  100
7   |     10101   |     3      |     10111     |   23    |  529
8   |     01111   |     3      |     01101     |   13    |  169
9   |     01111   |     3      |     01110     |   14    |  196
10   |     10110   |     3      |     10111     |   23    |  529
11   |     01010   |     3      |     01001     |    9    |   81
12   |     00001   |     3      |     00010     |    2    |    4
13   |     10111   |     3      |     10111     |   23    |  529
14   |     01111   |     3      |     01111     |   15    |  225
15   |     11100   |     3      |     11110     |   30    |  900
16   |     00010   |     3      |     00000     |    0    |    0
Suma                                                      |    4609
Promedio                                                  | 288.062
Max                                                       |     900
Min                                                       |       0


1a generacion | Tabla 2
No. |    Cruza    |Pto. de cruza| Descendencia | Valor x | Aptitud 
1   |     11011   |     3      |     11001     |   25    |  625
2   |     11101   |     3      |     11111     |   31    |  961
3   |     00010   |     3      |     00010     |    2    |    4
4   |     00110   |     3      |     00110     |    6    |   36
5   |     01011   |     3      |     01000     |    8    |   64
6   |     11000   |     3      |     11011     |   27    |  729
7   |     00010   |     3      |     00011     |    3    |    9
8   |     01011   |     3      |     01010     |   10    |  100
9   |     01001   |     3      |     01011     |   11    |  121
10   |     10111   |     3      |     10101     |   21    |  441
11   |     11101   |     3      |     11111     |   31    |  961
12   |     01011   |     3      |     01001     |    9    |   81
13   |     00001   |     3      |     00011     |    3    |    9
14   |     01011   |     3      |     01001     |    9    |   81
15   |     00010   |     3      |     00000     |    0    |    0
16   |     01100   |     3      |     01110     |   14    |  196
Suma                                                      |    4418
Promedio                                                  | 276.125
Max                                                       |     961
Min                                                       |       0


100a generacion | Tabla 2
No. |    Cruza    |Pto. de cruza| Descendencia | Valor x | Aptitud 
1   |     10010   |     3      |     10000     |   16    |  256
2   |     01000   |     3      |     01010     |   10    |  100
3   |     11010   |     3      |     11010     |   26    |  676
4   |     10010   |     3      |     10010     |   18    |  324
5   |     00110   |     3      |     00100     |    4    |   16
6   |     11000   |     3      |     11010     |   26    |  676
7   |     11111   |     3      |     11110     |   30    |  900
8   |     00010   |     3      |     00011     |    3    |    9
9   |     11100   |     3      |     11100     |   28    |  784
10   |     10000   |     3      |     10000     |   16    |  256
11   |     10010   |     3      |     10011     |   19    |  361
12   |     11111   |     3      |     11110     |   30    |  900
13   |     10101   |     3      |     10110     |   22    |  484
14   |     00110   |     3      |     00101     |    5    |   25
15   |     00010   |     3      |     00010     |    2    |    4
16   |     10010   |     3      |     10010     |   18    |  324
Suma                                                      |    6095
Promedio                                                  | 380.938
Max                                                       |     900
Min                                                       |       4


1a generacion | Tabla 2
No. |    Cruza    |Pto. de cruza| Descendencia | Valor x | Aptitud 
1   |     11011   |     3      |     11001     |   25    |  625
2   |     11101   |     3      |     11111     |   31    |  961
3   |     00010   |     3      |     00010     |    2    |    4
4   |     00110   |     3      |     00110     |    6    |   36
5   |     01011   |     3      |     01000     |    8    |   64
6   |     11000   |     3      |     11011     |   27    |  729
7   |     00010   |     3      |     00011     |    3    |    9
8   |     01011   |     3      |     01010     |   10    |  100
9   |     01001   |     3      |     01011     |   11    |  121
10   |     10111   |     3      |     10101     |   21    |  441
11   |     11101   |     3      |     11111     |   31    |  961
12   |     01011   |     3      |     01001     |    9    |   81
13   |     00001   |     3      |     00011     |    3    |    9
14   |     01011   |     3      |     01001     |    9    |   81
15   |     00010   |     3      |     00000     |    0    |    0
16   |     01100   |     3      |     01110     |   14    |  196
Suma                                                      |    4418
Promedio                                                  | 276.125
Max                                                       |     961
Min                                                       |       0


10a generacion | Tabla 2
No. |    Cruza    |Pto. de cruza| Descendencia | Valor x | Aptitud 
1   |     10111   |     3      |     10111     |   23    |  529
2   |     11111   |     3      |     11111     |   31    |  961
3   |     11111   |     3      |     11110     |   30    |  900
4   |     10110   |     3      |     10111     |   23    |  529
5   |     01010   |     3      |     01011     |   11    |  121
6   |     11111   |     3      |     11110     |   30    |  900
7   |     11111   |     3      |     11111     |   31    |  961
8   |     11111   |     3      |     11111     |   31    |  961
9   |     01010   |     3      |     01011     |   11    |  121
10   |     11111   |     3      |     11110     |   30    |  900
11   |     11110   |     3      |     11111     |   31    |  961
12   |     11111   |     3      |     11110     |   30    |  900
13   |     01011   |     3      |     01010     |   10    |  100
14   |     10110   |     3      |     10111     |   23    |  529
15   |     11111   |     3      |     11111     |   31    |  961
16   |     10111   |     3      |     10111     |   23    |  529
Suma                                                      |   10863
Promedio                                                  | 678.938
Max                                                       |     961
Min                                                       |     100


1a generacion | Tabla 2
No. |    Cruza    |Pto. de cruza| Descendencia | Valor x | Aptitud 
1   |     11011   |     3      |     11001     |   25    |  625
2   |     11101   |     3      |     11111     |   31    |  961
3   |     00010   |     3      |     00010     |    2    |    4
4   |     00110   |     3      |     00110     |    6    |   36
5   |     01011   |     3      |     01000     |    8    |   64
6   |     11000   |     3      |     11011     |   27    |  729
7   |     00010   |     3      |     00011     |    3    |    9
8   |     01011   |     3      |     01010     |   10    |  100
9   |     01001   |     3      |     01011     |   11    |  121
10   |     10111   |     3      |     10101     |   21    |  441
11   |     11101   |     3      |     11111     |   31    |  961
12   |     01011   |     3      |     01001     |    9    |   81
13   |     00001   |     3      |     00011     |    3    |    9
14   |     01011   |     3      |     01001     |    9    |   81
15   |     00010   |     3      |     00000     |    0    |    0
16   |     01100   |     3      |     01110     |   14    |  196
Suma                                                      |    4418
Promedio                                                  | 276.125
Max                                                       |     961
Min                                                       |       0


100a generacion | Tabla 2
No. |    Cruza    |Pto. de cruza| Descendencia | Valor x | Aptitud 
1   |     11111   |     3      |     11111     |   31    |  961
2   |     11111   |     3      |     11111     |   31    |  961
3   |     11111   |     3      |     11111     |   31    |  961
4   |     11111   |     3      |     11111     |   31    |  961
5   |     11111   |     3      |     11111     |   31    |  961
6   |     11111   |     3      |     11111     |   31    |  961
7   |     11111   |     3      |     11111     |   31    |  961
8   |     11111   |     3      |     11111     |   31    |  961
9   |     11111   |     3      |     11111     |   31    |  961
10   |     11111   |     3      |     11111     |   31    |  961
11   |     11111   |     3      |     11111     |   31    |  961
12   |     11111   |     3      |     11111     |   31    |  961
13   |     11111   |     3      |     11111     |   31    |  961
14   |     11111   |     3      |     11111     |   31    |  961
15   |     11111   |     3      |     11111     |   31    |  961
16   |     11111   |     3      |     11111     |   31    |  961
Suma                                                      |   15376
Promedio                                                  |     961
Max                                                       |     961
Min                                                       |     961


