1a generacion | Tabla 2
No. |    Cruza    |Pto. de cruza| Descendencia | Valor x | Aptitud 
1   |     11111   |     3      |     11110     |   30    |  900
2   |     00010   |     3      |     00011     |    3    |    9
3   |     01111   |     3      |     01111     |   15    |  225
4   |     00011   |     3      |     00011     |    3    |    9
5   |     00111   |     3      |     00101     |    5    |   25
6   |     11101   |     3      |     11111     |   31    |  961
7   |     00100   |     3      |     00111     |    7    |   49
8   |     01111   |     3      |     01100     |   12    |  144
9   |     01000   |     3      |     01001     |    9    |   81
10   |     00001   |     3      |     00000     |    0    |    0
11   |     11101   |     3      |     11110     |   30    |  900
12   |     01010   |     3      |     01001     |    9    |   81
13   |     11110   |     3      |     11110     |   30    |  900
14   |     00010   |     3      |     00010     |    2    |    4
15   |     01010   |     3      |     01001     |    9    |   81
16   |     10001   |     3      |     10010     |   18    |  324
17   |     11100   |     3      |     11100     |   28    |  784
18   |     01000   |     3      |     01000     |    8    |   64
19   |     00010   |     3      |     00010     |    2    |    4
20   |     00010   |     3      |     00010     |    2    |    4
21   |     11101   |     3      |     11100     |   28    |  784
22   |     01100   |     3      |     01101     |   13    |  169
23   |     01011   |     3      |     01011     |   11    |  121
24   |     11111   |     3      |     11111     |   31    |  961
25   |     01111   |     3      |     01100     |   12    |  144
26   |     01000   |     3      |     01011     |   11    |  121
27   |     10111   |     3      |     10101     |   21    |  441
28   |     11101   |     3      |     11111     |   31    |  961
29   |     00111   |     3      |     00110     |    6    |   36
30   |     01010   |     3      |     01011     |   11    |  121
31   |     10011   |     3      |     10010     |   18    |  324
32   |     11010   |     3      |     11011     |   27    |  729
Suma                                                      |   10461
Promedio                                                  | 326.906
Max                                                       |     961
Min                                                       |       0


15a generacion | Tabla 2
No. |    Cruza    |Pto. de cruza| Descendencia | Valor x | Aptitud 
1   |     11110   |     3      |     11111     |   31    |  961
2   |     10111   |     3      |     10110     |   22    |  484
3   |     01110   |     3      |     01100     |   12    |  144
4   |     00100   |     3      |     00110     |    6    |   36
5   |     11010   |     3      |     11000     |   24    |  576
6   |     10100   |     3      |     10110     |   22    |  484
7   |     00111   |     3      |     00101     |    5    |   25
8   |     11001   |     3      |     11011     |   27    |  729
9   |     00100   |     3      |     00100     |    4    |   16
10   |     01100   |     3      |     01100     |   12    |  144
11   |     10001   |     3      |     10010     |   18    |  324
12   |     11010   |     3      |     11001     |   25    |  625
13   |     01010   |     3      |     01010     |   10    |  100
14   |     01010   |     3      |     01010     |   10    |  100
15   |     01011   |     3      |     01010     |   10    |  100
16   |     11010   |     3      |     11011     |   27    |  729
17   |     00110   |     3      |     00100     |    4    |   16
18   |     01100   |     3      |     01110     |   14    |  196
19   |     11000   |     3      |     11010     |   26    |  676
20   |     11110   |     3      |     11100     |   28    |  784
21   |     10001   |     3      |     10010     |   18    |  324
22   |     01010   |     3      |     01001     |    9    |   81
23   |     11010   |     3      |     11000     |   24    |  576
24   |     00100   |     3      |     00110     |    6    |   36
25   |     01010   |     3      |     01011     |   11    |  121
26   |     01111   |     3      |     01110     |   14    |  196
27   |     11101   |     3      |     11100     |   28    |  784
28   |     00100   |     3      |     00101     |    5    |   25
29   |     10111   |     3      |     10101     |   21    |  441
30   |     11001   |     3      |     11011     |   27    |  729
31   |     01111   |     3      |     01100     |   12    |  144
32   |     10100   |     3      |     10111     |   23    |  529
Suma                                                      |   11235
Promedio                                                  | 351.094
Max                                                       |     961
Min                                                       |      16


1a generacion | Tabla 2
No. |    Cruza    |Pto. de cruza| Descendencia | Valor x | Aptitud 
1   |     10100   |     3      |     10100     |   20    |  400
2   |     10100   |     3      |     10100     |   20    |  400
3   |     00001   |     3      |     00000     |    0    |    0
4   |     10000   |     3      |     10001     |   17    |  289
5   |     10001   |     3      |     10000     |   16    |  256
6   |     10100   |     3      |     10101     |   21    |  441
7   |     10110   |     3      |     10100     |   20    |  400
8   |     10100   |     3      |     10110     |   22    |  484
9   |     00101   |     3      |     00110     |    6    |   36
10   |     11110   |     3      |     11101     |   29    |  841
11   |     10100   |     3      |     10111     |   23    |  529
12   |     11011   |     3      |     11000     |   24    |  576
13   |     01101   |     3      |     01110     |   14    |  196
14   |     10010   |     3      |     10001     |   17    |  289
15   |     11000   |     3      |     11000     |   24    |  576
16   |     00100   |     3      |     00100     |    4    |   16
17   |     00101   |     3      |     00101     |    5    |   25
18   |     00001   |     3      |     00001     |    1    |    1
19   |     10100   |     3      |     10110     |   22    |  484
20   |     01010   |     3      |     01000     |    8    |   64
21   |     10100   |     3      |     10101     |   21    |  441
22   |     10001   |     3      |     10000     |   16    |  256
23   |     00100   |     3      |     00111     |    7    |   49
24   |     00111   |     3      |     00100     |    4    |   16
25   |     10100   |     3      |     10100     |   20    |  400
26   |     10000   |     3      |     10000     |   16    |  256
27   |     10110   |     3      |     10110     |   22    |  484
28   |     00110   |     3      |     00110     |    6    |   36
29   |     10111   |     3      |     10101     |   21    |  441
30   |     01101   |     3      |     01111     |   15    |  225
31   |     00111   |     3      |     00101     |    5    |   25
32   |     11101   |     3      |     11111     |   31    |  961
Suma                                                      |    9893
Promedio                                                  | 309.156
Max                                                       |     961
Min                                                       |       0


15a generacion | Tabla 2
No. |    Cruza    |Pto. de cruza| Descendencia | Valor x | Aptitud 
1   |     01111   |     3      |     01101     |   13    |  169
2   |     00001   |     3      |     00011     |    3    |    9
3   |     00100   |     3      |     00101     |    5    |   25
4   |     01001   |     3      |     01000     |    8    |   64
5   |     10111   |     3      |     10101     |   21    |  441
6   |     11001   |     3      |     11011     |   27    |  729
7   |     01011   |     3      |     01001     |    9    |   81
8   |     00101   |     3      |     00111     |    7    |   49
9   |     00110   |     3      |     00100     |    4    |   16
10   |     00100   |     3      |     00110     |    6    |   36
11   |     10000   |     3      |     10000     |   16    |  256
12   |     10100   |     3      |     10100     |   20    |  400
13   |     11100   |     3      |     11111     |   31    |  961
14   |     10111   |     3      |     10100     |   20    |  400
15   |     10110   |     3      |     10101     |   21    |  441
16   |     00101   |     3      |     00110     |    6    |   36
17   |     00110   |     3      |     00100     |    4    |   16
18   |     10000   |     3      |     10010     |   18    |  324
19   |     01001   |     3      |     01001     |    9    |   81
20   |     10101   |     3      |     10101     |   21    |  441
21   |     11100   |     3      |     11111     |   31    |  961
22   |     10011   |     3      |     10000     |   16    |  256
23   |     01111   |     3      |     01101     |   13    |  169
24   |     00101   |     3      |     00111     |    7    |   49
25   |     01001   |     3      |     01001     |    9    |   81
26   |     10101   |     3      |     10101     |   21    |  441
27   |     01110   |     3      |     01111     |   15    |  225
28   |     00111   |     3      |     00110     |    6    |   36
29   |     00100   |     3      |     00111     |    7    |   49
30   |     01111   |     3      |     01100     |   12    |  144
31   |     01010   |     3      |     01010     |   10    |  100
32   |     11110   |     3      |     11110     |   30    |  900
Suma                                                      |    8386
Promedio                                                  | 262.062
Max                                                       |     961
Min                                                       |       9


1a generacion | Tabla 2
No. |    Cruza    |Pto. de cruza| Descendencia | Valor x | Aptitud 
1   |     11100   |     3      |     11101     |   29    |  841
2   |     00001   |     3      |     00000     |    0    |    0
3   |     01110   |     3      |     01100     |   12    |  144
4   |     11000   |     3      |     11010     |   26    |  676
5   |     10001   |     3      |     10011     |   19    |  361
6   |     01011   |     3      |     01001     |    9    |   81
7   |     00010   |     3      |     00010     |    2    |    4
8   |     11010   |     3      |     11010     |   26    |  676
9   |     00111   |     3      |     00111     |    7    |   49
10   |     11011   |     3      |     11011     |   27    |  729
11   |     10101   |     3      |     10110     |   22    |  484
12   |     01110   |     3      |     01101     |   13    |  169
13   |     00010   |     3      |     00010     |    2    |    4
14   |     01010   |     3      |     01010     |   10    |  100
15   |     01100   |     3      |     01110     |   14    |  196
16   |     11110   |     3      |     11100     |   28    |  784
17   |     01011   |     3      |     01001     |    9    |   81
18   |     10001   |     3      |     10011     |   19    |  361
19   |     11010   |     3      |     11001     |   25    |  625
20   |     00001   |     3      |     00010     |    2    |    4
21   |     00100   |     3      |     00110     |    6    |   36
22   |     01010   |     3      |     01000     |    8    |   64
23   |     00100   |     3      |     00100     |    4    |   16
24   |     11000   |     3      |     11000     |   24    |  576
25   |     01100   |     3      |     01110     |   14    |  196
26   |     11110   |     3      |     11100     |   28    |  784
27   |     10101   |     3      |     10110     |   22    |  484
28   |     11110   |     3      |     11101     |   29    |  841
29   |     10000   |     3      |     10010     |   18    |  324
30   |     00010   |     3      |     00000     |    0    |    0
31   |     00010   |     3      |     00000     |    0    |    0
32   |     11100   |     3      |     11110     |   30    |  900
Suma                                                      |   10590
Promedio                                                  | 330.938
Max                                                       |     900
Min                                                       |       0


5a generacion | Tabla 2
No. |    Cruza    |Pto. de cruza| Descendencia | Valor x | Aptitud 
1   |     10101   |     3      |     10101     |   21    |  441
2   |     10001   |     3      |     10001     |   17    |  289
3   |     11010   |     3      |     11011     |   27    |  729
4   |     11011   |     3      |     11010     |   26    |  676
5   |     10100   |     3      |     10100     |   20    |  400
6   |     10100   |     3      |     10100     |   20    |  400
7   |     10100   |     3      |     10110     |   22    |  484
8   |     00010   |     3      |     00000     |    0    |    0
9   |     11001   |     3      |     11010     |   26    |  676
10   |     10110   |     3      |     10101     |   21    |  441
11   |     11000   |     3      |     11010     |   26    |  676
12   |     01110   |     3      |     01100     |   12    |  144
13   |     00010   |     3      |     00000     |    0    |    0
14   |     00100   |     3      |     00110     |    6    |   36
15   |     10101   |     3      |     10111     |   23    |  529
16   |     01111   |     3      |     01101     |   13    |  169
17   |     00100   |     3      |     00110     |    6    |   36
18   |     00010   |     3      |     00000     |    0    |    0
19   |     00001   |     3      |     00010     |    2    |    4
20   |     00010   |     3      |     00001     |    1    |    1
21   |     01101   |     3      |     01111     |   15    |  225
22   |     01011   |     3      |     01001     |    9    |   81
23   |     01111   |     3      |     01110     |   14    |  196
24   |     11010   |     3      |     11011     |   27    |  729
25   |     10100   |     3      |     10111     |   23    |  529
26   |     11011   |     3      |     11000     |   24    |  576
27   |     11111   |     3      |     11111     |   31    |  961
28   |     01111   |     3      |     01111     |   15    |  225
29   |     10110   |     3      |     10101     |   21    |  441
30   |     10001   |     3      |     10010     |   18    |  324
31   |     11001   |     3      |     11011     |   27    |  729
32   |     00011   |     3      |     00001     |    1    |    1
Suma                                                      |   11148
Promedio                                                  | 348.375
Max                                                       |     961
Min                                                       |       0


1a generacion | Tabla 2
No. |    Cruza    |Pto. de cruza| Descendencia | Valor x | Aptitud 
1   |     11101   |     3      |     11110     |   30    |  900
2   |     00110   |     3      |     00101     |    5    |   25
3   |     11100   |     3      |     11100     |   28    |  784
4   |     10100   |     3      |     10100     |   20    |  400
5   |     10101   |     3      |     10110     |   22    |  484
6   |     11110   |     3      |     11101     |   29    |  841
7   |     00011   |     3      |     00000     |    0    |    0
8   |     01000   |     3      |     01011     |   11    |  121
9   |     00101   |     3      |     00101     |    5    |   25
10   |     10101   |     3      |     10101     |   21    |  441
11   |     01110   |     3      |     01111     |   15    |  225
12   |     01011   |     3      |     01010     |   10    |  100
13   |     11000   |     3      |     11001     |   25    |  625
14   |     01101   |     3      |     01100     |   12    |  144
15   |     11001   |     3      |     11010     |   26    |  676
16   |     10110   |     3      |     10101     |   21    |  441
17   |     01100   |     3      |     01101     |   13    |  169
18   |     00101   |     3      |     00100     |    4    |   16
19   |     11100   |     3      |     11111     |   31    |  961
20   |     10011   |     3      |     10000     |   16    |  256
21   |     00111   |     3      |     00110     |    6    |   36
22   |     01010   |     3      |     01011     |   11    |  121
23   |     01010   |     3      |     01000     |    8    |   64
24   |     00100   |     3      |     00110     |    6    |   36
25   |     10101   |     3      |     10100     |   20    |  400
26   |     10100   |     3      |     10101     |   21    |  441
27   |     01110   |     3      |     01101     |   13    |  169
28   |     11001   |     3      |     11010     |   26    |  676
29   |     01011   |     3      |     01010     |   10    |  100
30   |     10110   |     3      |     10111     |   23    |  529
31   |     01111   |     3      |     01100     |   12    |  144
32   |     11000   |     3      |     11011     |   27    |  729
Suma                                                      |   11079
Promedio                                                  | 346.219
Max                                                       |     961
Min                                                       |       0


10a generacion | Tabla 2
No. |    Cruza    |Pto. de cruza| Descendencia | Valor x | Aptitud 
1   |     11000   |     3      |     11001     |   25    |  625
2   |     10001   |     3      |     10000     |   16    |  256
3   |     01100   |     3      |     01100     |   12    |  144
4   |     10000   |     3      |     10000     |   16    |  256
5   |     10100   |     3      |     10111     |   23    |  529
6   |     00011   |     3      |     00000     |    0    |    0
7   |     00101   |     3      |     00111     |    7    |   49
8   |     00111   |     3      |     00101     |    5    |   25
9   |     11011   |     3      |     11010     |   26    |  676
10   |     10110   |     3      |     10111     |   23    |  529
11   |     11100   |     3      |     11111     |   31    |  961
12   |     10011   |     3      |     10000     |   16    |  256
13   |     10110   |     3      |     10110     |   22    |  484
14   |     11110   |     3      |     11110     |   30    |  900
15   |     10111   |     3      |     10101     |   21    |  441
16   |     01001   |     3      |     01011     |   11    |  121
17   |     10001   |     3      |     10011     |   19    |  361
18   |     11011   |     3      |     11001     |   25    |  625
19   |     11110   |     3      |     11100     |   28    |  784
20   |     01100   |     3      |     01110     |   14    |  196
21   |     01001   |     3      |     01000     |    8    |   64
22   |     10000   |     3      |     10001     |   17    |  289
23   |     10111   |     3      |     10100     |   20    |  400
24   |     11000   |     3      |     11011     |   27    |  729
25   |     00111   |     3      |     00100     |    4    |   16
26   |     10000   |     3      |     10011     |   19    |  361
27   |     10100   |     3      |     10100     |   20    |  400
28   |     01100   |     3      |     01100     |   12    |  144
29   |     01001   |     3      |     01010     |   10    |  100
30   |     10110   |     3      |     10101     |   21    |  441
31   |     01100   |     3      |     01110     |   14    |  196
32   |     00010   |     3      |     00000     |    0    |    0
Suma                                                      |   11358
Promedio                                                  | 354.938
Max                                                       |     961
Min                                                       |       0


1a generacion | Tabla 2
No. |    Cruza    |Pto. de cruza| Descendencia | Valor x | Aptitud 
1   |     11111   |     3      |     11110     |   30    |  900
2   |     11010   |     3      |     11011     |   27    |  729
3   |     10000   |     3      |     10011     |   19    |  361
4   |     11111   |     3      |     11100     |   28    |  784
5   |     00111   |     3      |     00111     |    7    |   49
6   |     01011   |     3      |     01011     |   11    |  121
7   |     00001   |     3      |     00011     |    3    |    9
8   |     01111   |     3      |     01101     |   13    |  169
9   |     10100   |     3      |     10110     |   22    |  484
10   |     10010   |     3      |     10000     |   16    |  256
11   |     10000   |     3      |     10011     |   19    |  361
12   |     10111   |     3      |     10100     |   20    |  400
13   |     00001   |     3      |     00001     |    1    |    1
14   |     00001   |     3      |     00001     |    1    |    1
15   |     10100   |     3      |     10110     |   22    |  484
16   |     10010   |     3      |     10000     |   16    |  256
17   |     10100   |     3      |     10100     |   20    |  400
18   |     11000   |     3      |     11000     |   24    |  576
19   |     10111   |     3      |     10101     |   21    |  441
20   |     00001   |     3      |     00011     |    3    |    9
21   |     00011   |     3      |     00000     |    0    |    0
22   |     01100   |     3      |     01111     |   15    |  225
23   |     10101   |     3      |     10110     |   22    |  484
24   |     10010   |     3      |     10001     |   17    |  289
25   |     10101   |     3      |     10101     |   21    |  441
26   |     10001   |     3      |     10001     |   17    |  289
27   |     10101   |     3      |     10100     |   20    |  400
28   |     10100   |     3      |     10101     |   21    |  441
29   |     10000   |     3      |     10011     |   19    |  361
30   |     11011   |     3      |     11000     |   24    |  576
31   |     10010   |     3      |     10011     |   19    |  361
32   |     11111   |     3      |     11110     |   30    |  900
Suma                                                      |   11558
Promedio                                                  | 361.188
Max                                                       |     900
Min                                                       |       0


10a generacion | Tabla 2
No. |    Cruza    |Pto. de cruza| Descendencia | Valor x | Aptitud 
1   |     11111   |     3      |     11100     |   28    |  784
2   |     00100   |     3      |     00111     |    7    |   49
3   |     11010   |     3      |     11010     |   26    |  676
4   |     00110   |     3      |     00110     |    6    |   36
5   |     00100   |     3      |     00101     |    5    |   25
6   |     10001   |     3      |     10000     |   16    |  256
7   |     10101   |     3      |     10110     |   22    |  484
8   |     01010   |     3      |     01001     |    9    |   81
9   |     00111   |     3      |     00110     |    6    |   36
10   |     11010   |     3      |     11011     |   27    |  729
11   |     11011   |     3      |     11010     |   26    |  676
12   |     00010   |     3      |     00011     |    3    |    9
13   |     01111   |     3      |     01100     |   12    |  144
14   |     11100   |     3      |     11111     |   31    |  961
15   |     00111   |     3      |     00110     |    6    |   36
16   |     01110   |     3      |     01111     |   15    |  225
17   |     11010   |     3      |     11001     |   25    |  625
18   |     01001   |     3      |     01010     |   10    |  100
19   |     10001   |     3      |     10010     |   18    |  324
20   |     10010   |     3      |     10001     |   17    |  289
21   |     11110   |     3      |     11110     |   30    |  900
22   |     00010   |     3      |     00010     |    2    |    4
23   |     00110   |     3      |     00100     |    4    |   16
24   |     11100   |     3      |     11110     |   30    |  900
25   |     10000   |     3      |     10011     |   19    |  361
26   |     00011   |     3      |     00000     |    0    |    0
27   |     00111   |     3      |     00110     |    6    |   36
28   |     10010   |     3      |     10011     |   19    |  361
29   |     10010   |     3      |     10011     |   19    |  361
30   |     11011   |     3      |     11010     |   26    |  676
31   |     00100   |     3      |     00110     |    6    |   36
32   |     01110   |     3      |     01100     |   12    |  144
Suma                                                      |   10340
Promedio                                                  | 323.125
Max                                                       |     961
Min                                                       |       0


