1a generacion | Tabla 1
No. | Poblacion Inicial | Valor x | Aptitud |Probabilidad
1   |       01011       |   11    |5.99994  |0.0583074
2   |       10111       |   23    |15.6009  |0.15161
3   |       01011       |   11    |5.99994  |0.0583074
4   |       11011       |   27    |7.44154  |0.0723169
5   |       01100       |   12    |4.78329  |0.0464841
6   |       01000       |    8    |1.00356  |0.0097526
7   |       01001       |    9    |1.65829  |0.0161153
8   |       00010       |    2    |1.03118  |0.010021
9   |       11000       |   24    |17.3608  |0.168712
10   |       00110       |    6    |0.581198  |0.00564808
11   |       00010       |    2    |1.03118  |0.010021
12   |       11101       |   29    |17.9592  |0.174527
13   |       00001       |    1    |1.40772  |0.0136802
14   |       11010       |   26    |7.60165  |0.0738728
15   |       01011       |   11    |5.99994  |0.0583074
16   |       11011       |   27    |7.44154  |0.0723169
Suma                               | 102.902 |1
Promedio                           | 6.43136 |0.0625
Max                                |      17 |0.174527
Min                                |       0 |0.00564808


10a generacion | Tabla 1
No. | Poblacion Inicial | Valor x | Aptitud |Probabilidad
1   |       01111       |   15    |3.77318  |0.0351188
2   |       00001       |    1    |1.40772  |0.0131024
3   |       00100       |    4    |0.804377  |0.00748675
4   |       10111       |   23    |15.6009  |0.145205
5   |       10110       |   22    |8.53779  |0.0794655
6   |       00010       |    2    |1.03118  |0.00959768
7   |       11100       |   28    |10.1281  |0.0942675
8   |       01010       |   10    |3.43412  |0.0319631
9   |       01010       |   10    |3.43412  |0.0319631
10   |       11011       |   27    |7.44154  |0.0692622
11   |       10110       |   22    |8.53779  |0.0794655
12   |       00011       |    3    |0.934091  |0.00869405
13   |       10111       |   23    |15.6009  |0.145205
14   |       10101       |   21    |5.64045  |0.0524985
15   |       01111       |   15    |3.77318  |0.0351188
16   |       11000       |   24    |17.3608  |0.161585
Suma                               |  107.44 |1
Promedio                           | 6.71501 |0.0625
Max                                |      17 |0.161585
Min                                |       0 |0.00748675


1a generacion | Tabla 1
No. | Poblacion Inicial | Valor x | Aptitud |Probabilidad
1   |       01011       |   11    |5.99994  |0.0583074
2   |       10111       |   23    |15.6009  |0.15161
3   |       01011       |   11    |5.99994  |0.0583074
4   |       11011       |   27    |7.44154  |0.0723169
5   |       01100       |   12    |4.78329  |0.0464841
6   |       01000       |    8    |1.00356  |0.0097526
7   |       01001       |    9    |1.65829  |0.0161153
8   |       00010       |    2    |1.03118  |0.010021
9   |       11000       |   24    |17.3608  |0.168712
10   |       00110       |    6    |0.581198  |0.00564808
11   |       00010       |    2    |1.03118  |0.010021
12   |       11101       |   29    |17.9592  |0.174527
13   |       00001       |    1    |1.40772  |0.0136802
14   |       11010       |   26    |7.60165  |0.0738728
15   |       01011       |   11    |5.99994  |0.0583074
16   |       11011       |   27    |7.44154  |0.0723169
Suma                               | 102.902 |1
Promedio                           | 6.43136 |0.0625
Max                                |      17 |0.174527
Min                                |       0 |0.00564808


100a generacion | Tabla 1
No. | Poblacion Inicial | Valor x | Aptitud |Probabilidad
1   |       01000       |    8    |1.00356  |0.00843256
2   |       00110       |    6    |0.581198  |0.0048836
3   |       10010       |   18    |10.4082  |0.0874566
4   |       01111       |   15    |3.77318  |0.0317047
5   |       10000       |   16    |6.42487  |0.0539859
6   |       11111       |   31    |16.2911  |0.136888
7   |       11100       |   28    |10.1281  |0.085103
8   |       11010       |   26    |7.60165  |0.063874
9   |       00010       |    2    |1.03118  |0.00866461
10   |       00101       |    5    |      0  |    0
11   |       10010       |   18    |10.4082  |0.0874566
12   |       10010       |   18    |10.4082  |0.0874566
13   |       10101       |   21    |5.64045  |0.0473947
14   |       11000       |   24    |17.3608  |0.145876
15   |       11111       |   31    |16.2911  |0.136888
16   |       01001       |    9    |1.65829  |0.0139341
Suma                               |  119.01 |1
Promedio                           | 7.43813 |0.0625
Max                                |      17 |0.145876
Min                                |       0 |0


