1a generacion | Tabla 3
No. | Descendencia | Mutacion | Valor x | Aptitud 
1   |     11001   | 11001     |   25    |  625
2   |     11111   | 11111     |   31    |  961
3   |     00010   | 10010     |   18    |  324
4   |     00110   | 00110     |    6    |   36
5   |     01000   | 01000     |    8    |   64
6   |     11011   | 11111     |   31    |  961
7   |     00011   | 00011     |    3    |    9
8   |     01010   | 01010     |   10    |  100
9   |     01011   | 01011     |   11    |  121
10   |     10101   | 10101     |   21    |  441
11   |     11111   | 11111     |   31    |  961
12   |     01001   | 01001     |    9    |   81
13   |     00011   | 00011     |    3    |    9
14   |     01001   | 01001     |    9    |   81
15   |     00000   | 00000     |    0    |    0
16   |     01110   | 01110     |   14    |  196
Suma                                     |    4970
Promedio                                 | 310.625
Max                                      |     961
Min                                      |       0


10a generacion | Tabla 3
No. | Descendencia | Mutacion | Valor x | Aptitud 
1   |     01001   | 01001     |    9    |   81
2   |     00010   | 00010     |    2    |    4
3   |     10111   | 10111     |   23    |  529
4   |     11011   | 11011     |   27    |  729
5   |     00010   | 11010     |   26    |  676
6   |     01010   | 01010     |   10    |  100
7   |     10111   | 10111     |   23    |  529
8   |     01101   | 01101     |   13    |  169
9   |     01110   | 01110     |   14    |  196
10   |     10111   | 10111     |   23    |  529
11   |     01001   | 01001     |    9    |   81
12   |     00010   | 00010     |    2    |    4
13   |     10111   | 10111     |   23    |  529
14   |     01111   | 01111     |   15    |  225
15   |     11110   | 11110     |   30    |  900
16   |     00000   | 10000     |   16    |  256
Suma                                     |    5537
Promedio                                 | 346.062
Max                                      |     900
Min                                      |       4


1a generacion | Tabla 3
No. | Descendencia | Mutacion | Valor x | Aptitud 
1   |     11001   | 11001     |   25    |  625
2   |     11111   | 11111     |   31    |  961
3   |     00010   | 10010     |   18    |  324
4   |     00110   | 00110     |    6    |   36
5   |     01000   | 01000     |    8    |   64
6   |     11011   | 11111     |   31    |  961
7   |     00011   | 00011     |    3    |    9
8   |     01010   | 01010     |   10    |  100
9   |     01011   | 01011     |   11    |  121
10   |     10101   | 10101     |   21    |  441
11   |     11111   | 11111     |   31    |  961
12   |     01001   | 01001     |    9    |   81
13   |     00011   | 00011     |    3    |    9
14   |     01001   | 01001     |    9    |   81
15   |     00000   | 00000     |    0    |    0
16   |     01110   | 01110     |   14    |  196
Suma                                     |    4970
Promedio                                 | 310.625
Max                                      |     961
Min                                      |       0


100a generacion | Tabla 3
No. | Descendencia | Mutacion | Valor x | Aptitud 
1   |     10000   | 10000     |   16    |  256
2   |     01010   | 01010     |   10    |  100
3   |     11010   | 11010     |   26    |  676
4   |     10010   | 10010     |   18    |  324
5   |     00100   | 10100     |   20    |  400
6   |     11010   | 11010     |   26    |  676
7   |     11110   | 11111     |   31    |  961
8   |     00011   | 00011     |    3    |    9
9   |     11100   | 11100     |   28    |  784
10   |     10000   | 10000     |   16    |  256
11   |     10011   | 10011     |   19    |  361
12   |     11110   | 11110     |   30    |  900
13   |     10110   | 10110     |   22    |  484
14   |     00101   | 00101     |    5    |   25
15   |     00010   | 10010     |   18    |  324
16   |     10010   | 10010     |   18    |  324
Suma                                     |    6860
Promedio                                 |  428.75
Max                                      |     961
Min                                      |       9


