1a generacion | Tabla 1
No. | Poblacion Inicial | Valor x | Aptitud |Probabilidad
1   |       11101       |   29    |    841  |0.0796854
2   |       01111       |   15    |    225  |0.0213189
3   |       00111       |    7    |     49  |0.00464279
4   |       10101       |   21    |    441  |0.0417851
5   |       01101       |   13    |    169  |0.0160129
6   |       01111       |   15    |    225  |0.0213189
7   |       01010       |   10    |    100  |0.00947508
8   |       00001       |    1    |      1  |9.47508e-005
9   |       11001       |   25    |    625  |0.0592193
10   |       10111       |   23    |    529  |0.0501232
11   |       01010       |   10    |    100  |0.00947508
12   |       01000       |    8    |     64  |0.00606405
13   |       01111       |   15    |    225  |0.0213189
14   |       00010       |    2    |      4  |0.000379003
15   |       11100       |   28    |    784  |0.0742846
16   |       11111       |   31    |    961  |0.0910555
17   |       10111       |   23    |    529  |0.0501232
18   |       00110       |    6    |     36  |0.00341103
19   |       10011       |   19    |    361  |0.034205
20   |       01100       |   12    |    144  |0.0136441
21   |       00011       |    3    |      9  |0.000852757
22   |       01011       |   11    |    121  |0.0114648
23   |       11010       |   26    |    676  |0.0640515
24   |       00010       |    2    |      4  |0.000379003
25   |       10001       |   17    |    289  |0.027383
26   |       00010       |    2    |      4  |0.000379003
27   |       11111       |   31    |    961  |0.0910555
28   |       10000       |   16    |    256  |0.0242562
29   |       00100       |    4    |     16  |0.00151601
30   |       01000       |    8    |     64  |0.00606405
31   |       11101       |   29    |    841  |0.0796854
32   |       11110       |   30    |    900  |0.0852757
Suma                               |   10554 |1
Promedio                           | 329.812 |0.03125
Max                                |     961 |0.0910555
Min                                |       1 |9.47508e-005


15a generacion | Tabla 1
No. | Poblacion Inicial | Valor x | Aptitud |Probabilidad
1   |       10001       |   17    |    289  |0.0290628
2   |       11010       |   26    |    676  |0.0679807
3   |       00100       |    4    |     16  |0.00160901
4   |       01110       |   14    |    196  |0.0197104
5   |       11000       |   24    |    576  |0.0579244
6   |       11110       |   30    |    900  |0.0905068
7   |       00100       |    4    |     16  |0.00160901
8   |       00110       |    6    |     36  |0.00362027
9   |       01010       |   10    |    100  |0.0100563
10   |       01100       |   12    |    144  |0.0144811
11   |       01010       |   10    |    100  |0.0100563
12   |       11001       |   25    |    625  |0.062852
13   |       01010       |   10    |    100  |0.0100563
14   |       11010       |   26    |    676  |0.0679807
15   |       01011       |   11    |    121  |0.0121681
16   |       01010       |   10    |    100  |0.0100563
17   |       01011       |   11    |    121  |0.0121681
18   |       10111       |   23    |    529  |0.0531979
19   |       01001       |    9    |     81  |0.00814562
20   |       11010       |   26    |    676  |0.0679807
21   |       01111       |   15    |    225  |0.0226267
22   |       11100       |   28    |    784  |0.0788415
23   |       00111       |    7    |     49  |0.00492759
24   |       10100       |   20    |    400  |0.0402253
25   |       10010       |   18    |    324  |0.0325825
26   |       01110       |   14    |    196  |0.0197104
27   |       01011       |   11    |    121  |0.0121681
28   |       01111       |   15    |    225  |0.0226267
29   |       00100       |    4    |     16  |0.00160901
30   |       10011       |   19    |    361  |0.0363033
31   |       11101       |   29    |    841  |0.0845736
32   |       10010       |   18    |    324  |0.0325825
Suma                               |    9944 |1
Promedio                           |  310.75 |0.03125
Max                                |     900 |0.0905068
Min                                |      16 |0.00160901


1a generacion | Tabla 1
No. | Poblacion Inicial | Valor x | Aptitud |Probabilidad
1   |       00101       |    5    |     25  |0.00287853
2   |       00110       |    6    |     36  |0.00414508
3   |       10001       |   17    |    289  |0.0332758
4   |       10100       |   20    |    400  |0.0460564
5   |       10100       |   20    |    400  |0.0460564
6   |       10111       |   23    |    529  |0.0609096
7   |       01100       |   12    |    144  |0.0165803
8   |       10000       |   16    |    256  |0.0294761
9   |       00111       |    7    |     49  |0.00564191
10   |       10111       |   23    |    529  |0.0609096
11   |       10100       |   20    |    400  |0.0460564
12   |       00111       |    7    |     49  |0.00564191
13   |       11110       |   30    |    900  |0.103627
14   |       11000       |   24    |    576  |0.0663212
15   |       01000       |    8    |     64  |0.00736903
16   |       00110       |    6    |     36  |0.00414508
17   |       10010       |   18    |    324  |0.0373057
18   |       01101       |   13    |    169  |0.0194588
19   |       10110       |   22    |    484  |0.0557283
20   |       00110       |    6    |     36  |0.00414508
21   |       00100       |    4    |     16  |0.00184226
22   |       01010       |   10    |    100  |0.0115141
23   |       00001       |    1    |      1  |0.000115141
24   |       10100       |   20    |    400  |0.0460564
25   |       11101       |   29    |    841  |0.0968336
26   |       10100       |   20    |    400  |0.0460564
27   |       11011       |   27    |    729  |0.0839378
28   |       00100       |    4    |     16  |0.00184226
29   |       10001       |   17    |    289  |0.0332758
30   |       01101       |   13    |    169  |0.0194588
31   |       00101       |    5    |     25  |0.00287853
32   |       00010       |    2    |      4  |0.000460564
Suma                               |    8685 |1
Promedio                           | 271.406 |0.03125
Max                                |     900 |0.103627
Min                                |       1 |0.000115141


15a generacion | Tabla 1
No. | Poblacion Inicial | Valor x | Aptitud |Probabilidad
1   |       10100       |   20    |    400  |0.0429369
2   |       11011       |   27    |    729  |0.0782525
3   |       11001       |   25    |    625  |0.0670889
4   |       00001       |    1    |      1  |0.000107342
5   |       01010       |   10    |    100  |0.0107342
6   |       00111       |    7    |     49  |0.00525977
7   |       00110       |    6    |     36  |0.00386432
8   |       01111       |   15    |    225  |0.024152
9   |       00100       |    4    |     16  |0.00171748
10   |       01110       |   14    |    196  |0.0210391
11   |       10101       |   21    |    441  |0.0473379
12   |       11110       |   30    |    900  |0.096608
13   |       00101       |    5    |     25  |0.00268356
14   |       00101       |    5    |     25  |0.00268356
15   |       10111       |   23    |    529  |0.056784
16   |       11100       |   28    |    784  |0.0841563
17   |       10110       |   22    |    484  |0.0519536
18   |       11100       |   28    |    784  |0.0841563
19   |       01011       |   11    |    121  |0.0129884
20   |       01101       |   13    |    169  |0.0181408
21   |       01001       |    9    |     81  |0.00869472
22   |       01111       |   15    |    225  |0.024152
23   |       10101       |   21    |    441  |0.0473379
24   |       00110       |    6    |     36  |0.00386432
25   |       10111       |   23    |    529  |0.056784
26   |       01011       |   11    |    121  |0.0129884
27   |       10011       |   19    |    361  |0.0387505
28   |       10000       |   16    |    256  |0.0274796
29   |       00001       |    1    |      1  |0.000107342
30   |       10111       |   23    |    529  |0.056784
31   |       01001       |    9    |     81  |0.00869472
32   |       00100       |    4    |     16  |0.00171748
Suma                               |    9316 |1
Promedio                           | 291.125 |0.03125
Max                                |     900 |0.096608
Min                                |       1 |0.000107342


1a generacion | Tabla 1
No. | Poblacion Inicial | Valor x | Aptitud |Probabilidad
1   |       11010       |   26    |    676  |0.0742775
2   |       01010       |   10    |    100  |0.0109878
3   |       01110       |   14    |    196  |0.0215361
4   |       01001       |    9    |     81  |0.00890012
5   |       00001       |    1    |      1  |0.000109878
6   |       10101       |   21    |    441  |0.0484562
7   |       00010       |    2    |      4  |0.000439512
8   |       00010       |    2    |      4  |0.000439512
9   |       10010       |   18    |    324  |0.0356005
10   |       00111       |    7    |     49  |0.00538402
11   |       11100       |   28    |    784  |0.0861444
12   |       10101       |   21    |    441  |0.0484562
13   |       00100       |    4    |     16  |0.00175805
14   |       00001       |    1    |      1  |0.000109878
15   |       11110       |   30    |    900  |0.0988902
16   |       10001       |   17    |    289  |0.0317548
17   |       10100       |   20    |    400  |0.0439512
18   |       01011       |   11    |    121  |0.0132952
19   |       00111       |    7    |     49  |0.00538402
20   |       00101       |    5    |     25  |0.00274695
21   |       11000       |   24    |    576  |0.0632897
22   |       11011       |   27    |    729  |0.0801011
23   |       11110       |   30    |    900  |0.0988902
24   |       11000       |   24    |    576  |0.0632897
25   |       10000       |   16    |    256  |0.0281288
26   |       01010       |   10    |    100  |0.0109878
27   |       01110       |   14    |    196  |0.0215361
28   |       01111       |   15    |    225  |0.0247226
29   |       01111       |   15    |    225  |0.0247226
30   |       01100       |   12    |    144  |0.0158224
31   |       10000       |   16    |    256  |0.0281288
32   |       00100       |    4    |     16  |0.00175805
Suma                               |    9101 |1
Promedio                           | 284.406 |0.03125
Max                                |     900 |0.0988902
Min                                |       1 |0.000109878


5a generacion | Tabla 1
No. | Poblacion Inicial | Valor x | Aptitud |Probabilidad
1   |       00010       |    2    |      4  |0.000443262
2   |       11000       |   24    |    576  |0.0638298
3   |       11001       |   25    |    625  |0.0692598
4   |       01110       |   14    |    196  |0.0217199
5   |       00011       |    3    |      9  |0.00099734
6   |       00100       |    4    |     16  |0.00177305
7   |       10110       |   22    |    484  |0.0536348
8   |       10100       |   20    |    400  |0.0443262
9   |       01111       |   15    |    225  |0.0249335
10   |       00011       |    3    |      9  |0.00099734
11   |       11111       |   31    |    961  |0.106494
12   |       00010       |    2    |      4  |0.000443262
13   |       00010       |    2    |      4  |0.000443262
14   |       10100       |   20    |    400  |0.0443262
15   |       00101       |    5    |     25  |0.00277039
16   |       00010       |    2    |      4  |0.000443262
17   |       10111       |   23    |    529  |0.0586215
18   |       01111       |   15    |    225  |0.0249335
19   |       01011       |   11    |    121  |0.0134087
20   |       11011       |   27    |    729  |0.0807846
21   |       10100       |   20    |    400  |0.0443262
22   |       00010       |    2    |      4  |0.000443262
23   |       01101       |   13    |    169  |0.0187278
24   |       11010       |   26    |    676  |0.0749113
25   |       10101       |   21    |    441  |0.0488697
26   |       10001       |   17    |    289  |0.0320257
27   |       00001       |    1    |      1  |0.000110816
28   |       01101       |   13    |    169  |0.0187278
29   |       10110       |   22    |    484  |0.0536348
30   |       10101       |   21    |    441  |0.0488697
31   |       00010       |    2    |      4  |0.000443262
32   |       10100       |   20    |    400  |0.0443262
Suma                               |    9024 |1
Promedio                           |     282 |0.03125
Max                                |     961 |0.106494
Min                                |       1 |0.000110816


1a generacion | Tabla 1
No. | Poblacion Inicial | Valor x | Aptitud |Probabilidad
1   |       01010       |   10    |    100  |0.0102955
2   |       00111       |    7    |     49  |0.00504479
3   |       01110       |   14    |    196  |0.0201791
4   |       10110       |   22    |    484  |0.0498301
5   |       01101       |   13    |    169  |0.0173994
6   |       01010       |   10    |    100  |0.0102955
7   |       10111       |   23    |    529  |0.0544631
8   |       01100       |   12    |    144  |0.0148255
9   |       01000       |    8    |     64  |0.00658911
10   |       00110       |    6    |     36  |0.00370637
11   |       11110       |   30    |    900  |0.0926593
12   |       00101       |    5    |     25  |0.00257387
13   |       11000       |   24    |    576  |0.059302
14   |       01011       |   11    |    121  |0.0124575
15   |       11001       |   25    |    625  |0.0643468
16   |       11000       |   24    |    576  |0.059302
17   |       01000       |    8    |     64  |0.00658911
18   |       11100       |   28    |    784  |0.0807166
19   |       01101       |   13    |    169  |0.0173994
20   |       11100       |   28    |    784  |0.0807166
21   |       10011       |   19    |    361  |0.0371667
22   |       10101       |   21    |    441  |0.0454031
23   |       10101       |   21    |    441  |0.0454031
24   |       10100       |   20    |    400  |0.0411819
25   |       10011       |   19    |    361  |0.0371667
26   |       00111       |    7    |     49  |0.00504479
27   |       00100       |    4    |     16  |0.00164728
28   |       00111       |    7    |     49  |0.00504479
29   |       11101       |   29    |    841  |0.086585
30   |       01111       |   15    |    225  |0.0231648
31   |       00011       |    3    |      9  |0.000926593
32   |       00101       |    5    |     25  |0.00257387
Suma                               |    9713 |1
Promedio                           | 303.531 |0.03125
Max                                |     900 |0.0926593
Min                                |       9 |0.000926593


10a generacion | Tabla 1
No. | Poblacion Inicial | Valor x | Aptitud |Probabilidad
1   |       10011       |   19    |    361  |0.0324962
2   |       11100       |   28    |    784  |0.0705734
3   |       00011       |    3    |      9  |0.000810154
4   |       01100       |   12    |    144  |0.0129625
5   |       00010       |    2    |      4  |0.000360068
6   |       01100       |   12    |    144  |0.0129625
7   |       11011       |   27    |    729  |0.0656225
8   |       00001       |    1    |      1  |9.00171e-005
9   |       01100       |   12    |    144  |0.0129625
10   |       10000       |   16    |    256  |0.0230444
11   |       10001       |   17    |    289  |0.0260149
12   |       01001       |    9    |     81  |0.00729139
13   |       10100       |   20    |    400  |0.0360068
14   |       10110       |   22    |    484  |0.0435683
15   |       10111       |   23    |    529  |0.047619
16   |       11000       |   24    |    576  |0.0518499
17   |       00110       |    6    |     36  |0.00324062
18   |       11110       |   30    |    900  |0.0810154
19   |       10000       |   16    |    256  |0.0230444
20   |       00101       |    5    |     25  |0.00225043
21   |       01000       |    8    |     64  |0.00576109
22   |       01001       |    9    |     81  |0.00729139
23   |       00111       |    7    |     49  |0.00441084
24   |       01100       |   12    |    144  |0.0129625
25   |       11111       |   31    |    961  |0.0865064
26   |       10010       |   18    |    324  |0.0291655
27   |       10110       |   22    |    484  |0.0435683
28   |       11001       |   25    |    625  |0.0562607
29   |       11110       |   30    |    900  |0.0810154
30   |       10100       |   20    |    400  |0.0360068
31   |       00101       |    5    |     25  |0.00225043
32   |       11110       |   30    |    900  |0.0810154
Suma                               |   11109 |1
Promedio                           | 347.156 |0.03125
Max                                |     961 |0.0865064
Min                                |       1 |9.00171e-005


1a generacion | Tabla 1
No. | Poblacion Inicial | Valor x | Aptitud |Probabilidad
1   |       00111       |    7    |     49  |0.00429598
2   |       00001       |    1    |      1  |8.76732e-005
3   |       11111       |   31    |    961  |0.0842539
4   |       00001       |    1    |      1  |8.76732e-005
5   |       11111       |   31    |    961  |0.0842539
6   |       11000       |   24    |    576  |0.0504997
7   |       10000       |   16    |    256  |0.0224443
8   |       10000       |   16    |    256  |0.0224443
9   |       11010       |   26    |    676  |0.0592671
10   |       10100       |   20    |    400  |0.0350693
11   |       01011       |   11    |    121  |0.0106085
12   |       10101       |   21    |    441  |0.0386639
13   |       11010       |   26    |    676  |0.0592671
14   |       01100       |   12    |    144  |0.0126249
15   |       10100       |   20    |    400  |0.0350693
16   |       01111       |   15    |    225  |0.0197265
17   |       10000       |   16    |    256  |0.0224443
18   |       00100       |    4    |     16  |0.00140277
19   |       10101       |   21    |    441  |0.0386639
20   |       10010       |   18    |    324  |0.0284061
21   |       10010       |   18    |    324  |0.0284061
22   |       10111       |   23    |    529  |0.0463791
23   |       00001       |    1    |      1  |8.76732e-005
24   |       10010       |   18    |    324  |0.0284061
25   |       10001       |   17    |    289  |0.0253375
26   |       10011       |   19    |    361  |0.03165
27   |       10101       |   21    |    441  |0.0386639
28   |       11011       |   27    |    729  |0.0639137
29   |       00011       |    3    |      9  |0.000789058
30   |       11111       |   31    |    961  |0.0842539
31   |       00001       |    1    |      1  |8.76732e-005
32   |       10000       |   16    |    256  |0.0224443
Suma                               |   11406 |1
Promedio                           | 356.438 |0.03125
Max                                |     961 |0.0842539
Min                                |       1 |8.76732e-005


10a generacion | Tabla 1
No. | Poblacion Inicial | Valor x | Aptitud |Probabilidad
1   |       01110       |   14    |    196  |0.0186596
2   |       00010       |    2    |      4  |0.000380807
3   |       10101       |   21    |    441  |0.041984
4   |       00100       |    4    |     16  |0.00152323
5   |       10010       |   18    |    324  |0.0308454
6   |       01111       |   15    |    225  |0.0214204
7   |       01010       |   10    |    100  |0.00952018
8   |       00111       |    7    |     49  |0.00466489
9   |       00100       |    4    |     16  |0.00152323
10   |       11010       |   26    |    676  |0.0643564
11   |       11011       |   27    |    729  |0.0694021
12   |       01111       |   15    |    225  |0.0214204
13   |       10101       |   21    |    441  |0.041984
14   |       10001       |   17    |    289  |0.0275133
15   |       00110       |    6    |     36  |0.00342727
16   |       00001       |    1    |      1  |9.52018e-005
17   |       11111       |   31    |    961  |0.091489
18   |       11010       |   26    |    676  |0.0643564
19   |       01010       |   10    |    100  |0.00952018
20   |       01001       |    9    |     81  |0.00771135
21   |       10111       |   23    |    529  |0.0503618
22   |       00111       |    7    |     49  |0.00466489
23   |       10010       |   18    |    324  |0.0308454
24   |       10010       |   18    |    324  |0.0308454
25   |       11110       |   30    |    900  |0.0856816
26   |       11100       |   28    |    784  |0.0746382
27   |       10000       |   16    |    256  |0.0243717
28   |       10001       |   17    |    289  |0.0275133
29   |       00011       |    3    |      9  |0.000856816
30   |       11010       |   26    |    676  |0.0643564
31   |       00111       |    7    |     49  |0.00466489
32   |       11011       |   27    |    729  |0.0694021
Suma                               |   10504 |1
Promedio                           |  328.25 |0.03125
Max                                |     961 |0.091489
Min                                |       1 |9.52018e-005


