1a generacion | Tabla 3
No. | Descendencia | Mutacion | Valor x | Aptitud 
1   |     11110   | 11110     |   30    |  900
2   |     00011   | 00011     |    3    |    9
3   |     01111   | 01111     |   15    |  225
4   |     00011   | 11011     |   27    |  729
5   |     00101   | 00101     |    5    |   25
6   |     11111   | 11111     |   31    |  961
7   |     00111   | 00111     |    7    |   49
8   |     01100   | 01100     |   12    |  144
9   |     01001   | 01001     |    9    |   81
10   |     00000   | 00000     |    0    |    0
11   |     11110   | 11110     |   30    |  900
12   |     01001   | 01001     |    9    |   81
13   |     11110   | 11110     |   30    |  900
14   |     00010   | 00010     |    2    |    4
15   |     01001   | 01001     |    9    |   81
16   |     10010   | 10010     |   18    |  324
17   |     11100   | 11100     |   28    |  784
18   |     01000   | 01000     |    8    |   64
19   |     00010   | 00010     |    2    |    4
20   |     00010   | 00010     |    2    |    4
21   |     11100   | 11100     |   28    |  784
22   |     01101   | 01101     |   13    |  169
23   |     01011   | 01011     |   11    |  121
24   |     11111   | 11111     |   31    |  961
25   |     01100   | 01100     |   12    |  144
26   |     01011   | 11011     |   27    |  729
27   |     10101   | 10101     |   21    |  441
28   |     11111   | 11111     |   31    |  961
29   |     00110   | 00110     |    6    |   36
30   |     01011   | 01011     |   11    |  121
31   |     10010   | 10010     |   18    |  324
32   |     11011   | 11011     |   27    |  729
Suma                                     |   11789
Promedio                                 | 368.406
Max                                      |     961
Min                                      |       0


15a generacion | Tabla 3
No. | Descendencia | Mutacion | Valor x | Aptitud 
1   |     11111   | 11111     |   31    |  961
2   |     10110   | 10110     |   22    |  484
3   |     01100   | 01100     |   12    |  144
4   |     00110   | 00110     |    6    |   36
5   |     11000   | 11000     |   24    |  576
6   |     10110   | 10110     |   22    |  484
7   |     00101   | 00101     |    5    |   25
8   |     11011   | 11011     |   27    |  729
9   |     00100   | 00100     |    4    |   16
10   |     01100   | 01100     |   12    |  144
11   |     10010   | 10010     |   18    |  324
12   |     11001   | 11001     |   25    |  625
13   |     01010   | 01010     |   10    |  100
14   |     01010   | 11010     |   26    |  676
15   |     01010   | 01010     |   10    |  100
16   |     11011   | 11011     |   27    |  729
17   |     00100   | 00100     |    4    |   16
18   |     01110   | 01110     |   14    |  196
19   |     11010   | 11010     |   26    |  676
20   |     11100   | 11100     |   28    |  784
21   |     10010   | 10010     |   18    |  324
22   |     01001   | 01001     |    9    |   81
23   |     11000   | 11000     |   24    |  576
24   |     00110   | 11110     |   30    |  900
25   |     01011   | 01011     |   11    |  121
26   |     01110   | 01110     |   14    |  196
27   |     11100   | 11100     |   28    |  784
28   |     00101   | 00101     |    5    |   25
29   |     10101   | 10101     |   21    |  441
30   |     11011   | 11011     |   27    |  729
31   |     01100   | 01100     |   12    |  144
32   |     10111   | 10111     |   23    |  529
Suma                                     |   12675
Promedio                                 | 396.094
Max                                      |     961
Min                                      |      16


1a generacion | Tabla 3
No. | Descendencia | Mutacion | Valor x | Aptitud 
1   |     10100   | 10100     |   20    |  400
2   |     10100   | 10100     |   20    |  400
3   |     00000   | 00000     |    0    |    0
4   |     10001   | 10001     |   17    |  289
5   |     10000   | 10000     |   16    |  256
6   |     10101   | 10101     |   21    |  441
7   |     10100   | 10100     |   20    |  400
8   |     10110   | 10110     |   22    |  484
9   |     00110   | 00110     |    6    |   36
10   |     11101   | 11101     |   29    |  841
11   |     10111   | 10111     |   23    |  529
12   |     11000   | 11000     |   24    |  576
13   |     01110   | 11110     |   30    |  900
14   |     10001   | 10001     |   17    |  289
15   |     11000   | 11000     |   24    |  576
16   |     00100   | 00100     |    4    |   16
17   |     00101   | 00101     |    5    |   25
18   |     00001   | 00001     |    1    |    1
19   |     10110   | 10110     |   22    |  484
20   |     01000   | 01000     |    8    |   64
21   |     10101   | 10101     |   21    |  441
22   |     10000   | 10000     |   16    |  256
23   |     00111   | 00111     |    7    |   49
24   |     00100   | 00100     |    4    |   16
25   |     10100   | 10100     |   20    |  400
26   |     10000   | 10000     |   16    |  256
27   |     10110   | 10110     |   22    |  484
28   |     00110   | 00110     |    6    |   36
29   |     10101   | 10101     |   21    |  441
30   |     01111   | 01111     |   15    |  225
31   |     00101   | 10101     |   21    |  441
32   |     11111   | 11111     |   31    |  961
Suma                                     |   11013
Promedio                                 | 344.156
Max                                      |     961
Min                                      |       0


15a generacion | Tabla 3
No. | Descendencia | Mutacion | Valor x | Aptitud 
1   |     01101   | 01101     |   13    |  169
2   |     00011   | 00011     |    3    |    9
3   |     00101   | 00101     |    5    |   25
4   |     01000   | 01000     |    8    |   64
5   |     10101   | 10101     |   21    |  441
6   |     11011   | 11011     |   27    |  729
7   |     01001   | 01001     |    9    |   81
8   |     00111   | 00111     |    7    |   49
9   |     00100   | 00100     |    4    |   16
10   |     00110   | 00110     |    6    |   36
11   |     10000   | 10000     |   16    |  256
12   |     10100   | 10100     |   20    |  400
13   |     11111   | 11111     |   31    |  961
14   |     10100   | 10100     |   20    |  400
15   |     10101   | 11101     |   29    |  841
16   |     00110   | 00110     |    6    |   36
17   |     00100   | 00100     |    4    |   16
18   |     10010   | 10010     |   18    |  324
19   |     01001   | 01001     |    9    |   81
20   |     10101   | 10101     |   21    |  441
21   |     11111   | 11111     |   31    |  961
22   |     10000   | 10000     |   16    |  256
23   |     01101   | 01101     |   13    |  169
24   |     00111   | 00111     |    7    |   49
25   |     01001   | 01001     |    9    |   81
26   |     10101   | 11101     |   29    |  841
27   |     01111   | 01111     |   15    |  225
28   |     00110   | 00110     |    6    |   36
29   |     00111   | 00111     |    7    |   49
30   |     01100   | 01100     |   12    |  144
31   |     01010   | 01010     |   10    |  100
32   |     11110   | 11111     |   31    |  961
Suma                                     |    9247
Promedio                                 | 288.969
Max                                      |     961
Min                                      |       9


1a generacion | Tabla 3
No. | Descendencia | Mutacion | Valor x | Aptitud 
1   |     11101   | 11101     |   29    |  841
2   |     00000   | 00000     |    0    |    0
3   |     01100   | 01100     |   12    |  144
4   |     11010   | 11010     |   26    |  676
5   |     10011   | 10011     |   19    |  361
6   |     01001   | 01001     |    9    |   81
7   |     00010   | 00010     |    2    |    4
8   |     11010   | 11010     |   26    |  676
9   |     00111   | 00111     |    7    |   49
10   |     11011   | 11011     |   27    |  729
11   |     10110   | 10110     |   22    |  484
12   |     01101   | 01101     |   13    |  169
13   |     00010   | 00010     |    2    |    4
14   |     01010   | 01010     |   10    |  100
15   |     01110   | 01110     |   14    |  196
16   |     11100   | 11100     |   28    |  784
17   |     01001   | 01001     |    9    |   81
18   |     10011   | 10011     |   19    |  361
19   |     11001   | 11001     |   25    |  625
20   |     00010   | 00010     |    2    |    4
21   |     00110   | 00110     |    6    |   36
22   |     01000   | 01000     |    8    |   64
23   |     00100   | 00100     |    4    |   16
24   |     11000   | 11000     |   24    |  576
25   |     01110   | 01110     |   14    |  196
26   |     11100   | 11100     |   28    |  784
27   |     10110   | 11111     |   31    |  961
28   |     11101   | 11101     |   29    |  841
29   |     10010   | 10010     |   18    |  324
30   |     00000   | 00000     |    0    |    0
31   |     00000   | 10000     |   16    |  256
32   |     11110   | 11110     |   30    |  900
Suma                                     |   11323
Promedio                                 | 353.844
Max                                      |     961
Min                                      |       0


5a generacion | Tabla 3
No. | Descendencia | Mutacion | Valor x | Aptitud 
1   |     10101   | 10101     |   21    |  441
2   |     10001   | 10001     |   17    |  289
3   |     11011   | 11011     |   27    |  729
4   |     11010   | 11010     |   26    |  676
5   |     10100   | 11100     |   28    |  784
6   |     10100   | 10100     |   20    |  400
7   |     10110   | 10110     |   22    |  484
8   |     00000   | 00000     |    0    |    0
9   |     11010   | 11110     |   30    |  900
10   |     10101   | 10101     |   21    |  441
11   |     11010   | 11010     |   26    |  676
12   |     01100   | 01100     |   12    |  144
13   |     00000   | 00000     |    0    |    0
14   |     00110   | 00110     |    6    |   36
15   |     10111   | 10111     |   23    |  529
16   |     01101   | 01101     |   13    |  169
17   |     00110   | 00110     |    6    |   36
18   |     00000   | 00000     |    0    |    0
19   |     00010   | 00010     |    2    |    4
20   |     00001   | 00001     |    1    |    1
21   |     01111   | 01111     |   15    |  225
22   |     01001   | 01001     |    9    |   81
23   |     01110   | 01110     |   14    |  196
24   |     11011   | 11011     |   27    |  729
25   |     10111   | 10111     |   23    |  529
26   |     11000   | 11000     |   24    |  576
27   |     11111   | 11111     |   31    |  961
28   |     01111   | 01111     |   15    |  225
29   |     10101   | 11101     |   29    |  841
30   |     10010   | 10010     |   18    |  324
31   |     11011   | 11011     |   27    |  729
32   |     00001   | 00001     |    1    |    1
Suma                                     |   12156
Promedio                                 | 379.875
Max                                      |     961
Min                                      |       0


1a generacion | Tabla 3
No. | Descendencia | Mutacion | Valor x | Aptitud 
1   |     11110   | 11110     |   30    |  900
2   |     00101   | 00101     |    5    |   25
3   |     11100   | 11100     |   28    |  784
4   |     10100   | 10100     |   20    |  400
5   |     10110   | 10110     |   22    |  484
6   |     11101   | 11101     |   29    |  841
7   |     00000   | 00000     |    0    |    0
8   |     01011   | 01011     |   11    |  121
9   |     00101   | 00101     |    5    |   25
10   |     10101   | 10101     |   21    |  441
11   |     01111   | 01111     |   15    |  225
12   |     01010   | 01010     |   10    |  100
13   |     11001   | 11101     |   29    |  841
14   |     01100   | 01100     |   12    |  144
15   |     11010   | 11110     |   30    |  900
16   |     10101   | 10101     |   21    |  441
17   |     01101   | 01101     |   13    |  169
18   |     00100   | 00100     |    4    |   16
19   |     11111   | 11111     |   31    |  961
20   |     10000   | 10000     |   16    |  256
21   |     00110   | 00110     |    6    |   36
22   |     01011   | 01011     |   11    |  121
23   |     01000   | 01000     |    8    |   64
24   |     00110   | 00110     |    6    |   36
25   |     10100   | 10100     |   20    |  400
26   |     10101   | 10101     |   21    |  441
27   |     01101   | 01101     |   13    |  169
28   |     11010   | 11010     |   26    |  676
29   |     01010   | 01010     |   10    |  100
30   |     10111   | 10111     |   23    |  529
31   |     01100   | 01100     |   12    |  144
32   |     11011   | 11011     |   27    |  729
Suma                                     |   11519
Promedio                                 | 359.969
Max                                      |     961
Min                                      |       0


10a generacion | Tabla 3
No. | Descendencia | Mutacion | Valor x | Aptitud 
1   |     11001   | 11001     |   25    |  625
2   |     10000   | 10000     |   16    |  256
3   |     01100   | 01100     |   12    |  144
4   |     10000   | 10000     |   16    |  256
5   |     10111   | 10111     |   23    |  529
6   |     00000   | 00000     |    0    |    0
7   |     00111   | 00111     |    7    |   49
8   |     00101   | 00101     |    5    |   25
9   |     11010   | 11010     |   26    |  676
10   |     10111   | 10111     |   23    |  529
11   |     11111   | 11111     |   31    |  961
12   |     10000   | 10000     |   16    |  256
13   |     10110   | 10110     |   22    |  484
14   |     11110   | 11110     |   30    |  900
15   |     10101   | 10101     |   21    |  441
16   |     01011   | 01011     |   11    |  121
17   |     10011   | 10011     |   19    |  361
18   |     11001   | 11001     |   25    |  625
19   |     11100   | 11100     |   28    |  784
20   |     01110   | 01110     |   14    |  196
21   |     01000   | 01000     |    8    |   64
22   |     10001   | 10001     |   17    |  289
23   |     10100   | 11100     |   28    |  784
24   |     11011   | 11011     |   27    |  729
25   |     00100   | 00100     |    4    |   16
26   |     10011   | 10011     |   19    |  361
27   |     10100   | 11100     |   28    |  784
28   |     01100   | 11100     |   28    |  784
29   |     01010   | 01010     |   10    |  100
30   |     10101   | 10101     |   21    |  441
31   |     01110   | 01110     |   14    |  196
32   |     00000   | 00000     |    0    |    0
Suma                                     |   12766
Promedio                                 | 398.938
Max                                      |     961
Min                                      |       0


1a generacion | Tabla 3
No. | Descendencia | Mutacion | Valor x | Aptitud 
1   |     11110   | 11110     |   30    |  900
2   |     11011   | 11011     |   27    |  729
3   |     10011   | 10011     |   19    |  361
4   |     11100   | 11100     |   28    |  784
5   |     00111   | 00111     |    7    |   49
6   |     01011   | 01011     |   11    |  121
7   |     00011   | 00011     |    3    |    9
8   |     01101   | 01101     |   13    |  169
9   |     10110   | 10110     |   22    |  484
10   |     10000   | 10000     |   16    |  256
11   |     10011   | 11011     |   27    |  729
12   |     10100   | 10100     |   20    |  400
13   |     00001   | 00001     |    1    |    1
14   |     00001   | 00001     |    1    |    1
15   |     10110   | 10110     |   22    |  484
16   |     10000   | 10000     |   16    |  256
17   |     10100   | 11100     |   28    |  784
18   |     11000   | 11000     |   24    |  576
19   |     10101   | 11101     |   29    |  841
20   |     00011   | 00011     |    3    |    9
21   |     00000   | 00000     |    0    |    0
22   |     01111   | 01111     |   15    |  225
23   |     10110   | 10110     |   22    |  484
24   |     10001   | 10001     |   17    |  289
25   |     10101   | 10101     |   21    |  441
26   |     10001   | 10001     |   17    |  289
27   |     10100   | 10100     |   20    |  400
28   |     10101   | 10101     |   21    |  441
29   |     10011   | 10011     |   19    |  361
30   |     11000   | 11000     |   24    |  576
31   |     10011   | 10011     |   19    |  361
32   |     11110   | 11110     |   30    |  900
Suma                                     |   12710
Promedio                                 | 397.188
Max                                      |     900
Min                                      |       0


10a generacion | Tabla 3
No. | Descendencia | Mutacion | Valor x | Aptitud 
1   |     11100   | 11100     |   28    |  784
2   |     00111   | 00111     |    7    |   49
3   |     11010   | 11010     |   26    |  676
4   |     00110   | 00110     |    6    |   36
5   |     00101   | 00101     |    5    |   25
6   |     10000   | 10000     |   16    |  256
7   |     10110   | 10110     |   22    |  484
8   |     01001   | 01001     |    9    |   81
9   |     00110   | 00110     |    6    |   36
10   |     11011   | 11011     |   27    |  729
11   |     11010   | 11010     |   26    |  676
12   |     00011   | 00011     |    3    |    9
13   |     01100   | 01100     |   12    |  144
14   |     11111   | 11111     |   31    |  961
15   |     00110   | 10110     |   22    |  484
16   |     01111   | 01111     |   15    |  225
17   |     11001   | 11001     |   25    |  625
18   |     01010   | 11010     |   26    |  676
19   |     10010   | 10010     |   18    |  324
20   |     10001   | 10001     |   17    |  289
21   |     11110   | 11110     |   30    |  900
22   |     00010   | 00010     |    2    |    4
23   |     00100   | 00100     |    4    |   16
24   |     11110   | 11110     |   30    |  900
25   |     10011   | 10011     |   19    |  361
26   |     00000   | 00000     |    0    |    0
27   |     00110   | 00110     |    6    |   36
28   |     10011   | 10011     |   19    |  361
29   |     10011   | 10011     |   19    |  361
30   |     11010   | 11110     |   30    |  900
31   |     00110   | 00110     |    6    |   36
32   |     01100   | 01100     |   12    |  144
Suma                                     |   11588
Promedio                                 | 362.125
Max                                      |     961
Min                                      |       0


