1a generacion | Tabla 3
No. | Descendencia | Mutacion | Valor x | Aptitud 
1   |      0100   |  0100     |    4    |   16
2   |      0101   |  0101     |    5    |   25
3   |      0100   |  1100     |   12    |  144
4   |      0111   |  1111     |   15    |  225
5   |      1101   |  1101     |   13    |  169
6   |      0010   |  0010     |    2    |    4
7   |      0101   |  0101     |    5    |   25
8   |      0101   |  1101     |   13    |  169
9   |      0100   |  0100     |    4    |   16
10   |      0101   |  1101     |   13    |  169
11   |      1000   |  1000     |    8    |   64
12   |      0010   |  1010     |   10    |  100
13   |      0010   |  0010     |    2    |    4
14   |      0010   |  0010     |    2    |    4
15   |      0110   |  0110     |    6    |   36
16   |      0010   |  0010     |    2    |    4
Suma                                     |    1174
Promedio                                 |  73.375
Max                                      |     225
Min                                      |       4


10a generacion | Tabla 3
No. | Descendencia | Mutacion | Valor x | Aptitud 
1   |      1010   |  1010     |   10    |  100
2   |      1010   |  1010     |   10    |  100
3   |      1001   |  1001     |    9    |   81
4   |      1101   |  1111     |   15    |  225
5   |      1010   |  1010     |   10    |  100
6   |      0110   |  0110     |    6    |   36
7   |      0011   |  0011     |    3    |    9
8   |      1101   |  1101     |   13    |  169
9   |      1000   |  1000     |    8    |   64
10   |      0011   |  1011     |   11    |  121
11   |      0110   |  0110     |    6    |   36
12   |      0010   |  0010     |    2    |    4
13   |      1001   |  1101     |   13    |  169
14   |      0001   |  0001     |    1    |    1
15   |      0001   |  1101     |   13    |  169
16   |      1001   |  1001     |    9    |   81
Suma                                     |    1465
Promedio                                 | 91.5625
Max                                      |     225
Min                                      |       1


1a generacion | Tabla 3
No. | Descendencia | Mutacion | Valor x | Aptitud 
1   |      0100   |  0100     |    4    |   16
2   |      0101   |  0101     |    5    |   25
3   |      0100   |  1100     |   12    |  144
4   |      0111   |  1111     |   15    |  225
5   |      1101   |  1101     |   13    |  169
6   |      0010   |  0010     |    2    |    4
7   |      0101   |  0101     |    5    |   25
8   |      0101   |  1101     |   13    |  169
9   |      0100   |  0100     |    4    |   16
10   |      0101   |  1101     |   13    |  169
11   |      1000   |  1000     |    8    |   64
12   |      0010   |  1010     |   10    |  100
13   |      0010   |  0010     |    2    |    4
14   |      0010   |  0010     |    2    |    4
15   |      0110   |  0110     |    6    |   36
16   |      0010   |  0010     |    2    |    4
Suma                                     |    1174
Promedio                                 |  73.375
Max                                      |     225
Min                                      |       4


10a generacion | Tabla 3
No. | Descendencia | Mutacion | Valor x | Aptitud 
1   |      1010   |  1010     |   10    |  100
2   |      1010   |  1010     |   10    |  100
3   |      1001   |  1001     |    9    |   81
4   |      1101   |  1111     |   15    |  225
5   |      1010   |  1010     |   10    |  100
6   |      0110   |  0110     |    6    |   36
7   |      0011   |  0011     |    3    |    9
8   |      1101   |  1101     |   13    |  169
9   |      1000   |  1000     |    8    |   64
10   |      0011   |  1011     |   11    |  121
11   |      0110   |  0110     |    6    |   36
12   |      0010   |  0010     |    2    |    4
13   |      1001   |  1101     |   13    |  169
14   |      0001   |  0001     |    1    |    1
15   |      0001   |  1101     |   13    |  169
16   |      1001   |  1001     |    9    |   81
Suma                                     |    1465
Promedio                                 | 91.5625
Max                                      |     225
Min                                      |       1


1a generacion | Tabla 3
No. | Descendencia | Mutacion | Valor x | Aptitud 
1   |      0100   |  0100     |    4    |   16
2   |      0101   |  0101     |    5    |   25
3   |      0100   |  1100     |   12    |  144
4   |      0111   |  1111     |   15    |  225
5   |      1101   |  1101     |   13    |  169
6   |      0010   |  0010     |    2    |    4
7   |      0101   |  0101     |    5    |   25
8   |      0101   |  1101     |   13    |  169
9   |      0100   |  0100     |    4    |   16
10   |      0101   |  1101     |   13    |  169
11   |      1000   |  1000     |    8    |   64
12   |      0010   |  1010     |   10    |  100
13   |      0010   |  0010     |    2    |    4
14   |      0010   |  0010     |    2    |    4
15   |      0110   |  0110     |    6    |   36
16   |      0010   |  0010     |    2    |    4
Suma                                     |    1174
Promedio                                 |  73.375
Max                                      |     225
Min                                      |       4


100a generacion | Tabla 3
No. | Descendencia | Mutacion | Valor x | Aptitud 
1   |      0011   |  0011     |    3    |    9
2   |      0011   |  0011     |    3    |    9
3   |      1100   |  1110     |   14    |  196
4   |      1011   |  1111     |   15    |  225
5   |      1110   |  1110     |   14    |  196
6   |      1001   |  1101     |   13    |  169
7   |      0010   |  0010     |    2    |    4
8   |      1011   |  1011     |   11    |  121
9   |      0110   |  1110     |   14    |  196
10   |      0110   |  0110     |    6    |   36
11   |      1100   |  1100     |   12    |  144
12   |      0111   |  0111     |    7    |   49
13   |      0111   |  0111     |    7    |   49
14   |      1100   |  1110     |   14    |  196
15   |      1001   |  1001     |    9    |   81
16   |      1110   |  1110     |   14    |  196
Suma                                     |    1876
Promedio                                 |  117.25
Max                                      |     225
Min                                      |       4


1a generacion | Tabla 3
No. | Descendencia | Mutacion | Valor x | Aptitud 
1   |      0100   |  0100     |    4    |   16
2   |      0101   |  0101     |    5    |   25
3   |      0100   |  1100     |   12    |  144
4   |      0111   |  1111     |   15    |  225
5   |      1101   |  1101     |   13    |  169
6   |      0010   |  0010     |    2    |    4
7   |      0101   |  0101     |    5    |   25
8   |      0101   |  1101     |   13    |  169
9   |      0100   |  0100     |    4    |   16
10   |      0101   |  1101     |   13    |  169
11   |      1000   |  1000     |    8    |   64
12   |      0010   |  1010     |   10    |  100
13   |      0010   |  0010     |    2    |    4
14   |      0010   |  0010     |    2    |    4
15   |      0110   |  0110     |    6    |   36
16   |      0010   |  0010     |    2    |    4
Suma                                     |    1174
Promedio                                 |  73.375
Max                                      |     225
Min                                      |       4


10a generacion | Tabla 3
No. | Descendencia | Mutacion | Valor x | Aptitud 
1   |      1111   |  1111     |   15    |  225
2   |      1110   |  1110     |   14    |  196
3   |      1111   |  1111     |   15    |  225
4   |      1111   |  1111     |   15    |  225
5   |      1110   |  1111     |   15    |  225
6   |      1111   |  1111     |   15    |  225
7   |      1110   |  1110     |   14    |  196
8   |      1111   |  1111     |   15    |  225
9   |      1111   |  1111     |   15    |  225
10   |      1111   |  1111     |   15    |  225
11   |      1110   |  1110     |   14    |  196
12   |      1111   |  1111     |   15    |  225
13   |      1110   |  1111     |   15    |  225
14   |      1111   |  1111     |   15    |  225
15   |      1111   |  1111     |   15    |  225
16   |      1111   |  1111     |   15    |  225
Suma                                     |    3513
Promedio                                 | 219.562
Max                                      |     225
Min                                      |     196


1a generacion | Tabla 3
No. | Descendencia | Mutacion | Valor x | Aptitud 
1   |      0100   |  0100     |    4    |   16
2   |      0101   |  0101     |    5    |   25
3   |      0100   |  1100     |   12    |  144
4   |      0111   |  1111     |   15    |  225
5   |      1101   |  1101     |   13    |  169
6   |      0010   |  0010     |    2    |    4
7   |      0101   |  0101     |    5    |   25
8   |      0101   |  1101     |   13    |  169
9   |      0100   |  0100     |    4    |   16
10   |      0101   |  1101     |   13    |  169
11   |      1000   |  1000     |    8    |   64
12   |      0010   |  1010     |   10    |  100
13   |      0010   |  0010     |    2    |    4
14   |      0010   |  0010     |    2    |    4
15   |      0110   |  0110     |    6    |   36
16   |      0010   |  0010     |    2    |    4
Suma                                     |    1174
Promedio                                 |  73.375
Max                                      |     225
Min                                      |       4


100a generacion | Tabla 3
No. | Descendencia | Mutacion | Valor x | Aptitud 
1   |      1111   |  1111     |   15    |  225
2   |      1111   |  1111     |   15    |  225
3   |      1111   |  1111     |   15    |  225
4   |      1111   |  1111     |   15    |  225
5   |      1111   |  1111     |   15    |  225
6   |      1111   |  1111     |   15    |  225
7   |      1111   |  1111     |   15    |  225
8   |      1111   |  1111     |   15    |  225
9   |      1111   |  1111     |   15    |  225
10   |      1111   |  1111     |   15    |  225
11   |      1111   |  1111     |   15    |  225
12   |      1111   |  1111     |   15    |  225
13   |      1111   |  1111     |   15    |  225
14   |      1111   |  1111     |   15    |  225
15   |      1111   |  1111     |   15    |  225
16   |      1111   |  1111     |   15    |  225
Suma                                     |    3600
Promedio                                 |     225
Max                                      |     225
Min                                      |     225


