1a generacion | Tabla de Jerarquía
Aptitud F(x)=abs|(x-5)/(2+Sen(x))|
Jerarquías |   Aptitud   | Valesp
__
1           |0    |0.9
2           |0    |0.886667
3           |0.581198    |0.873333
4           |0.581198    |0.86
5           |0.804377    |0.846667
6           |0.804377    |0.833333
7           |0.934091    |0.82
8           |1.00356    |0.806667
9           |1.03118    |0.793333
10           |1.03118    |0.78
11           |3.30556    |0.766667
12           |3.77318    |0.753333
13           |3.77318    |0.74
14           |4.78329    |0.726667
15           |4.78329    |0.713333
16           |5.99994    |0.7
__
Suma                               |16


10a generacion | Tabla de Jerarquía
Aptitud F(x)=abs|(x-5)/(2+Sen(x))|
Jerarquías |   Aptitud   | Valesp
__
1           |0.581198    |0.9
2           |0.934091    |0.886667
3           |1.03118    |0.873333
4           |1.03118    |0.86
5           |1.40772    |0.846667
6           |1.65829    |0.833333
7           |1.65829    |0.82
8           |1.65829    |0.806667
9           |1.65829    |0.793333
10           |3.00942    |0.78
11           |3.30556    |0.766667
12           |3.43412    |0.753333
13           |3.43412    |0.74
14           |4.78329    |0.726667
15           |4.78329    |0.713333
16           |5.99994    |0.7
__
Suma                               |16


