1a generacion | Tabla 1
No. | Poblacion Inicial | Valor x | Aptitud |Probabilidad
1   |        0101       |    5    |      0  |    0
2   |        0101       |    5    |      0  |    0
3   |        0110       |    6    |0.581198  |0.0175114
4   |        0110       |    6    |0.581198  |0.0175114
5   |        0100       |    4    |0.804377  |0.0242358
6   |        0100       |    4    |0.804377  |0.0242358
7   |        0011       |    3    |0.934091  |0.0281441
8   |        1000       |    8    |1.00356  |0.0302372
9   |        0010       |    2    |1.03118  |0.0310693
10   |        0010       |    2    |1.03118  |0.0310693
11   |        1101       |   13    |3.30556  |0.0995962
12   |        1111       |   15    |3.77318  |0.113685
13   |        1111       |   15    |3.77318  |0.113685
14   |        1100       |   12    |4.78329  |0.14412
15   |        1100       |   12    |4.78329  |0.14412
16   |        1011       |   11    |5.99994  |0.180778
Suma                               | 33.1896 |1
Promedio                           | 2.07435 |0.0625
Max                                | 5.99994 |0.180778
Min                                |       0 |0


10a generacion | Tabla 1
No. | Poblacion Inicial | Valor x | Aptitud |Probabilidad
1   |        0110       |    6    |0.581198  |0.0143974
2   |        0011       |    3    |0.934091  |0.0231392
3   |        0010       |    2    |1.03118  |0.0255442
4   |        0010       |    2    |1.03118  |0.0255442
5   |        0001       |    1    |1.40772  |0.034872
6   |        1001       |    9    |1.65829  |0.0410791
7   |        1001       |    9    |1.65829  |0.0410791
8   |        1001       |    9    |1.65829  |0.0410791
9   |        1001       |    9    |1.65829  |0.0410791
10   |        1110       |   14    |3.00942  |0.0745492
11   |        1101       |   13    |3.30556  |0.081885
12   |        1010       |   10    |3.43412  |0.0850697
13   |        1010       |   10    |3.43412  |0.0850697
14   |        1100       |   12    |4.78329  |0.118491
15   |        1100       |   12    |4.78329  |0.118491
16   |        1011       |   11    |5.99994  |0.14863
Suma                               | 40.3683 |1
Promedio                           | 2.52302 |0.0625
Max                                | 5.99994 |0.14863
Min                                |0.581198 |0.0143974


1a generacion | Tabla 1
No. | Poblacion Inicial | Valor x | Aptitud |Probabilidad
1   |        0101       |    5    |      0  |    0
2   |        0101       |    5    |      0  |    0
3   |        0110       |    6    |0.581198  |0.0175114
4   |        0110       |    6    |0.581198  |0.0175114
5   |        0100       |    4    |0.804377  |0.0242358
6   |        0100       |    4    |0.804377  |0.0242358
7   |        0011       |    3    |0.934091  |0.0281441
8   |        1000       |    8    |1.00356  |0.0302372
9   |        0010       |    2    |1.03118  |0.0310693
10   |        0010       |    2    |1.03118  |0.0310693
11   |        1101       |   13    |3.30556  |0.0995962
12   |        1111       |   15    |3.77318  |0.113685
13   |        1111       |   15    |3.77318  |0.113685
14   |        1100       |   12    |4.78329  |0.14412
15   |        1100       |   12    |4.78329  |0.14412
16   |        1011       |   11    |5.99994  |0.180778
Suma                               | 33.1896 |1
Promedio                           | 2.07435 |0.0625
Max                                | 5.99994 |0.180778
Min                                |       0 |0


10a generacion | Tabla 1
No. | Poblacion Inicial | Valor x | Aptitud |Probabilidad
1   |        0110       |    6    |0.581198  |0.0143974
2   |        0011       |    3    |0.934091  |0.0231392
3   |        0010       |    2    |1.03118  |0.0255442
4   |        0010       |    2    |1.03118  |0.0255442
5   |        0001       |    1    |1.40772  |0.034872
6   |        1001       |    9    |1.65829  |0.0410791
7   |        1001       |    9    |1.65829  |0.0410791
8   |        1001       |    9    |1.65829  |0.0410791
9   |        1001       |    9    |1.65829  |0.0410791
10   |        1110       |   14    |3.00942  |0.0745492
11   |        1101       |   13    |3.30556  |0.081885
12   |        1010       |   10    |3.43412  |0.0850697
13   |        1010       |   10    |3.43412  |0.0850697
14   |        1100       |   12    |4.78329  |0.118491
15   |        1100       |   12    |4.78329  |0.118491
16   |        1011       |   11    |5.99994  |0.14863
Suma                               | 40.3683 |1
Promedio                           | 2.52302 |0.0625
Max                                | 5.99994 |0.14863
Min                                |0.581198 |0.0143974


1a generacion | Tabla 1
No. | Poblacion Inicial | Valor x | Aptitud |Probabilidad
1   |        0101       |    5    |      0  |    0
2   |        0101       |    5    |      0  |    0
3   |        0110       |    6    |0.581198  |0.0175114
4   |        0110       |    6    |0.581198  |0.0175114
5   |        0100       |    4    |0.804377  |0.0242358
6   |        0100       |    4    |0.804377  |0.0242358
7   |        0011       |    3    |0.934091  |0.0281441
8   |        1000       |    8    |1.00356  |0.0302372
9   |        0010       |    2    |1.03118  |0.0310693
10   |        0010       |    2    |1.03118  |0.0310693
11   |        1101       |   13    |3.30556  |0.0995962
12   |        1111       |   15    |3.77318  |0.113685
13   |        1111       |   15    |3.77318  |0.113685
14   |        1100       |   12    |4.78329  |0.14412
15   |        1100       |   12    |4.78329  |0.14412
16   |        1011       |   11    |5.99994  |0.180778
Suma                               | 33.1896 |1
Promedio                           | 2.07435 |0.0625
Max                                | 5.99994 |0.180778
Min                                |       0 |0


100a generacion | Tabla 1
No. | Poblacion Inicial | Valor x | Aptitud |Probabilidad
1   |        0110       |    6    |0.581198  |0.0130422
2   |        0011       |    3    |0.934091  |0.0209611
3   |        0011       |    3    |0.934091  |0.0209611
4   |        1000       |    8    |1.00356  |0.02252
5   |        1000       |    8    |1.00356  |0.02252
6   |        1001       |    9    |1.65829  |0.0372123
7   |        1110       |   14    |3.00942  |0.0675318
8   |        1110       |   14    |3.00942  |0.0675318
9   |        1101       |   13    |3.30556  |0.0741771
10   |        1101       |   13    |3.30556  |0.0741771
11   |        1101       |   13    |3.30556  |0.0741771
12   |        1101       |   13    |3.30556  |0.0741771
13   |        1010       |   10    |3.43412  |0.077062
14   |        1111       |   15    |3.77318  |0.0846705
15   |        1011       |   11    |5.99994  |0.134639
16   |        1011       |   11    |5.99994  |0.134639
Suma                               |  44.563 |1
Promedio                           | 2.78519 |0.0625
Max                                | 5.99994 |0.134639
Min                                |0.581198 |0.0130422


