1a generacion | Tabla 2
No. |    Cruza    |Pto. de cruza| Descendencia | Valor x | Aptitud 
1   |      0101   |     3      |      0100     |    4    |   16
2   |      0100   |     3      |      0101     |    5    |   25
3   |      0101   |     3      |      0100     |    4    |   16
4   |      0110   |     3      |      0111     |    7    |   49
5   |      1100   |     3      |      1101     |   13    |  169
6   |      0011   |     3      |      0010     |    2    |    4
7   |      0101   |     3      |      0101     |    5    |   25
8   |      0101   |     3      |      0101     |    5    |   25
9   |      0101   |     3      |      0100     |    4    |   16
10   |      0100   |     3      |      0101     |    5    |   25
11   |      1000   |     3      |      1000     |    8    |   64
12   |      0010   |     3      |      0010     |    2    |    4
13   |      0010   |     3      |      0010     |    2    |    4
14   |      0010   |     3      |      0010     |    2    |    4
15   |      0110   |     3      |      0110     |    6    |   36
16   |      0010   |     3      |      0010     |    2    |    4
Suma                                                      |     486
Promedio                                                  |  30.375
Max                                                       |     169
Min                                                       |       4


10a generacion | Tabla 2
No. |    Cruza    |Pto. de cruza| Descendencia | Valor x | Aptitud 
1   |      1010   |     3      |      1010     |   10    |  100
2   |      1010   |     3      |      1010     |   10    |  100
3   |      1001   |     3      |      1001     |    9    |   81
4   |      1101   |     3      |      1101     |   13    |  169
5   |      1010   |     3      |      1010     |   10    |  100
6   |      0110   |     3      |      0110     |    6    |   36
7   |      0011   |     3      |      0011     |    3    |    9
8   |      1101   |     3      |      1101     |   13    |  169
9   |      1001   |     3      |      1000     |    8    |   64
10   |      0010   |     3      |      0011     |    3    |    9
11   |      0110   |     3      |      0110     |    6    |   36
12   |      0010   |     3      |      0010     |    2    |    4
13   |      1001   |     3      |      1001     |    9    |   81
14   |      0001   |     3      |      0001     |    1    |    1
15   |      0001   |     3      |      0001     |    1    |    1
16   |      1001   |     3      |      1001     |    9    |   81
Suma                                                      |    1041
Promedio                                                  | 65.0625
Max                                                       |     169
Min                                                       |       1


