1a generacion | Tabla 2
No. |    Cruza    |Pto. de cruza| Descendencia | Valor x | Aptitud 
1   |     01110   |     3      |     01110     |   14    |  196
2   |     01010   |     3      |     01010     |   10    |  100
3   |     10100   |     3      |     10110     |   22    |  484
4   |     00010   |     3      |     00000     |    0    |    0
5   |     00101   |     3      |     00101     |    5    |   25
6   |     01001   |     3      |     01001     |    9    |   81
7   |     11001   |     3      |     11001     |   25    |  625
8   |     00101   |     3      |     00101     |    5    |   25
9   |     11100   |     3      |     11111     |   31    |  961
10   |     11111   |     3      |     11100     |   28    |  784
11   |     01010   |     3      |     01001     |    9    |   81
12   |     11001   |     3      |     11010     |   26    |  676
13   |     01010   |     3      |     01010     |   10    |  100
14   |     10010   |     3      |     10010     |   18    |  324
15   |     01001   |     3      |     01001     |    9    |   81
16   |     11001   |     3      |     11001     |   25    |  625
17   |     01011   |     3      |     01011     |   11    |  121
18   |     11111   |     3      |     11111     |   31    |  961
19   |     00011   |     3      |     00011     |    3    |    9
20   |     00011   |     3      |     00011     |    3    |    9
21   |     01010   |     3      |     01010     |   10    |  100
22   |     01110   |     3      |     01110     |   14    |  196
23   |     01100   |     3      |     01110     |   14    |  196
24   |     00110   |     3      |     00100     |    4    |   16
25   |     01010   |     3      |     01001     |    9    |   81
26   |     01001   |     3      |     01010     |   10    |  100
27   |     10010   |     3      |     10011     |   19    |  361
28   |     00011   |     3      |     00010     |    2    |    4
29   |     11001   |     3      |     11010     |   26    |  676
30   |     00110   |     3      |     00101     |    5    |   25
31   |     01110   |     3      |     01100     |   12    |  144
32   |     10100   |     3      |     10110     |   22    |  484
Suma                                                      |    8651
Promedio                                                  | 270.344
Max                                                       |     961
Min                                                       |       0


15a generacion | Tabla 2
No. |    Cruza    |Pto. de cruza| Descendencia | Valor x | Aptitud 
1   |     01011   |     3      |     01011     |   11    |  121
2   |     01011   |     3      |     01011     |   11    |  121
3   |     01101   |     3      |     01101     |   13    |  169
4   |     11001   |     3      |     11001     |   25    |  625
5   |     11001   |     3      |     11000     |   24    |  576
6   |     00100   |     3      |     00101     |    5    |   25
7   |     10001   |     3      |     10010     |   18    |  324
8   |     11110   |     3      |     11101     |   29    |  841
9   |     10001   |     3      |     10000     |   16    |  256
10   |     11000   |     3      |     11001     |   25    |  625
11   |     11001   |     3      |     11001     |   25    |  625
12   |     01101   |     3      |     01101     |   13    |  169
13   |     01011   |     3      |     01001     |    9    |   81
14   |     00101   |     3      |     00111     |    7    |   49
15   |     01010   |     3      |     01001     |    9    |   81
16   |     11001   |     3      |     11010     |   26    |  676
17   |     00101   |     3      |     00111     |    7    |   49
18   |     10011   |     3      |     10001     |   17    |  289
19   |     11000   |     3      |     11001     |   25    |  625
20   |     00101   |     3      |     00100     |    4    |   16
21   |     01010   |     3      |     01000     |    8    |   64
22   |     01100   |     3      |     01110     |   14    |  196
23   |     11111   |     3      |     11110     |   30    |  900
24   |     01010   |     3      |     01011     |   11    |  121
25   |     00101   |     3      |     00100     |    4    |   16
26   |     01100   |     3      |     01101     |   13    |  169
27   |     11010   |     3      |     11000     |   24    |  576
28   |     11000   |     3      |     11010     |   26    |  676
29   |     10011   |     3      |     10001     |   17    |  289
30   |     00101   |     3      |     00111     |    7    |   49
31   |     01011   |     3      |     01001     |    9    |   81
32   |     00101   |     3      |     00111     |    7    |   49
Suma                                                      |    9529
Promedio                                                  | 297.781
Max                                                       |     900
Min                                                       |      16


