1a generacion | Tabla 3
No. | Descendencia | Mutacion | Valor x | Aptitud 
1   |     11010   | 11010     |   26    |  676
2   |     00111   | 00111     |    7    |   49
3   |     11011   | 11011     |   27    |  729
4   |     00001   | 00001     |    1    |    1
5   |     01010   | 01010     |   10    |  100
6   |     10001   | 10001     |   17    |  289
7   |     00110   | 00110     |    6    |   36
8   |     01110   | 11110     |   30    |  900
9   |     10011   | 10011     |   19    |  361
10   |     00110   | 00110     |    6    |   36
11   |     01010   | 01010     |   10    |  100
12   |     10010   | 11110     |   30    |  900
13   |     10011   | 10011     |   19    |  361
14   |     10110   | 10110     |   22    |  484
15   |     10010   | 10010     |   18    |  324
16   |     00101   | 00101     |    5    |   25
17   |     10011   | 10011     |   19    |  361
18   |     00001   | 00001     |    1    |    1
19   |     10011   | 10011     |   19    |  361
20   |     11001   | 11001     |   25    |  625
21   |     10101   | 10101     |   21    |  441
22   |     01011   | 01011     |   11    |  121
23   |     11011   | 11011     |   27    |  729
24   |     00111   | 00111     |    7    |   49
25   |     10101   | 10101     |   21    |  441
26   |     00011   | 00011     |    3    |    9
27   |     10110   | 10110     |   22    |  484
28   |     01011   | 01011     |   11    |  121
29   |     01111   | 01111     |   15    |  225
30   |     10110   | 10110     |   22    |  484
31   |     01111   | 01111     |   15    |  225
32   |     11100   | 11100     |   28    |  784
Suma                                     |   10832
Promedio                                 |   338.5
Max                                      |     900
Min                                      |       1


5a generacion | Tabla 3
No. | Descendencia | Mutacion | Valor x | Aptitud 
1   |     10110   | 10110     |   22    |  484
2   |     11010   | 11010     |   26    |  676
3   |     10110   | 10110     |   22    |  484
4   |     01010   | 01010     |   10    |  100
5   |     11010   | 11010     |   26    |  676
6   |     10110   | 11111     |   31    |  961
7   |     11010   | 11010     |   26    |  676
8   |     11010   | 11010     |   26    |  676
9   |     11110   | 11110     |   30    |  900
10   |     01010   | 01010     |   10    |  100
11   |     11111   | 11111     |   31    |  961
12   |     00110   | 00110     |    6    |   36
13   |     01010   | 01010     |   10    |  100
14   |     11011   | 11011     |   27    |  729
15   |     01011   | 01011     |   11    |  121
16   |     01010   | 01010     |   10    |  100
17   |     11010   | 11010     |   26    |  676
18   |     11010   | 11010     |   26    |  676
19   |     01011   | 01011     |   11    |  121
20   |     01010   | 01010     |   10    |  100
21   |     00110   | 00110     |    6    |   36
22   |     11010   | 11010     |   26    |  676
23   |     11010   | 11010     |   26    |  676
24   |     11110   | 11110     |   30    |  900
25   |     01011   | 01011     |   11    |  121
26   |     01010   | 01010     |   10    |  100
27   |     01111   | 01111     |   15    |  225
28   |     01001   | 01001     |    9    |   81
29   |     11010   | 11110     |   30    |  900
30   |     01010   | 01010     |   10    |  100
31   |     11010   | 11010     |   26    |  676
32   |     00110   | 00110     |    6    |   36
Suma                                     |   13880
Promedio                                 |  433.75
Max                                      |     961
Min                                      |      36


1a generacion | Tabla 3
No. | Descendencia | Mutacion | Valor x | Aptitud 
1   |     11011   | 11011     |   27    |  729
2   |     01101   | 01101     |   13    |  169
3   |     00111   | 00111     |    7    |   49
4   |     00111   | 00111     |    7    |   49
5   |     01110   | 01110     |   14    |  196
6   |     10000   | 10000     |   16    |  256
7   |     00111   | 00111     |    7    |   49
8   |     00000   | 00000     |    0    |    0
9   |     11110   | 11110     |   30    |  900
10   |     00011   | 00011     |    3    |    9
11   |     11011   | 11011     |   27    |  729
12   |     00011   | 00011     |    3    |    9
13   |     00100   | 10100     |   20    |  400
14   |     01100   | 01100     |   12    |  144
15   |     01010   | 01010     |   10    |  100
16   |     10000   | 11000     |   24    |  576
17   |     11101   | 11111     |   31    |  961
18   |     10111   | 10111     |   23    |  529
19   |     11100   | 11100     |   28    |  784
20   |     01110   | 01110     |   14    |  196
21   |     00001   | 00001     |    1    |    1
22   |     01010   | 01010     |   10    |  100
23   |     00001   | 00001     |    1    |    1
24   |     10110   | 10110     |   22    |  484
25   |     11010   | 11010     |   26    |  676
26   |     01000   | 01000     |    8    |   64
27   |     11110   | 11110     |   30    |  900
28   |     00010   | 00010     |    2    |    4
29   |     01000   | 01000     |    8    |   64
30   |     01100   | 01100     |   12    |  144
31   |     01011   | 01011     |   11    |  121
32   |     00001   | 00001     |    1    |    1
Suma                                     |    9394
Promedio                                 | 293.562
Max                                      |     961
Min                                      |       0


10a generacion | Tabla 3
No. | Descendencia | Mutacion | Valor x | Aptitud 
1   |     11100   | 11110     |   30    |  900
2   |     10100   | 10100     |   20    |  400
3   |     01000   | 01000     |    8    |   64
4   |     11000   | 11000     |   24    |  576
5   |     11000   | 11000     |   24    |  576
6   |     01000   | 01000     |    8    |   64
7   |     01000   | 01000     |    8    |   64
8   |     11000   | 11000     |   24    |  576
9   |     10100   | 10100     |   20    |  400
10   |     11000   | 11000     |   24    |  576
11   |     00000   | 00000     |    0    |    0
12   |     10100   | 10100     |   20    |  400
13   |     10100   | 11100     |   28    |  784
14   |     10100   | 10100     |   20    |  400
15   |     01000   | 01000     |    8    |   64
16   |     00000   | 00000     |    0    |    0
17   |     11000   | 11100     |   28    |  784
18   |     01000   | 01000     |    8    |   64
19   |     11000   | 11000     |   24    |  576
20   |     11000   | 11000     |   24    |  576
21   |     11000   | 11000     |   24    |  576
22   |     11000   | 11000     |   24    |  576
23   |     10100   | 10100     |   20    |  400
24   |     10000   | 10000     |   16    |  256
25   |     10100   | 10100     |   20    |  400
26   |     10100   | 10100     |   20    |  400
27   |     10100   | 10100     |   20    |  400
28   |     11000   | 11000     |   24    |  576
29   |     01010   | 01010     |   10    |  100
30   |     11100   | 11100     |   28    |  784
31   |     10100   | 10100     |   20    |  400
32   |     11000   | 11000     |   24    |  576
Suma                                     |   13288
Promedio                                 |  415.25
Max                                      |     900
Min                                      |       0


1a generacion | Tabla 3
No. | Descendencia | Mutacion | Valor x | Aptitud 
1   |     10001   | 11001     |   25    |  625
2   |     10111   | 10111     |   23    |  529
3   |     01000   | 01000     |    8    |   64
4   |     10000   | 10000     |   16    |  256
5   |     10111   | 10111     |   23    |  529
6   |     11100   | 11100     |   28    |  784
7   |     10110   | 10110     |   22    |  484
8   |     10100   | 10100     |   20    |  400
9   |     10000   | 10000     |   16    |  256
10   |     10011   | 10011     |   19    |  361
11   |     11110   | 11111     |   31    |  961
12   |     01111   | 01111     |   15    |  225
13   |     10101   | 10101     |   21    |  441
14   |     10101   | 10101     |   21    |  441
15   |     00011   | 00011     |    3    |    9
16   |     10010   | 10010     |   18    |  324
17   |     11110   | 11110     |   30    |  900
18   |     01101   | 01101     |   13    |  169
19   |     10010   | 10010     |   18    |  324
20   |     10111   | 10111     |   23    |  529
21   |     10010   | 10010     |   18    |  324
22   |     00011   | 00011     |    3    |    9
23   |     11100   | 11110     |   30    |  900
24   |     11101   | 11101     |   29    |  841
25   |     11111   | 11111     |   31    |  961
26   |     11101   | 11101     |   29    |  841
27   |     01100   | 01100     |   12    |  144
28   |     11101   | 11101     |   29    |  841
29   |     11010   | 11010     |   26    |  676
30   |     10110   | 10110     |   22    |  484
31   |     10000   | 10000     |   16    |  256
32   |     11010   | 11010     |   26    |  676
Suma                                     |   15564
Promedio                                 | 486.375
Max                                      |     961
Min                                      |       9


15a generacion | Tabla 3
No. | Descendencia | Mutacion | Valor x | Aptitud 
1   |     10111   | 10111     |   23    |  529
2   |     11101   | 11101     |   29    |  841
3   |     11111   | 11111     |   31    |  961
4   |     11111   | 11111     |   31    |  961
5   |     11111   | 11111     |   31    |  961
6   |     11100   | 11100     |   28    |  784
7   |     11101   | 11101     |   29    |  841
8   |     10001   | 10001     |   17    |  289
9   |     11010   | 11111     |   31    |  961
10   |     10111   | 10111     |   23    |  529
11   |     11101   | 11101     |   29    |  841
12   |     11101   | 11101     |   29    |  841
13   |     10001   | 10001     |   17    |  289
14   |     10111   | 10111     |   23    |  529
15   |     11111   | 11111     |   31    |  961
16   |     11111   | 11111     |   31    |  961
17   |     10001   | 10001     |   17    |  289
18   |     10011   | 10011     |   19    |  361
19   |     10001   | 10001     |   17    |  289
20   |     10011   | 10011     |   19    |  361
21   |     11111   | 11111     |   31    |  961
22   |     10001   | 10001     |   17    |  289
23   |     11100   | 11100     |   28    |  784
24   |     10100   | 10100     |   20    |  400
25   |     11111   | 11111     |   31    |  961
26   |     11101   | 11101     |   29    |  841
27   |     11101   | 11101     |   29    |  841
28   |     11111   | 11111     |   31    |  961
29   |     11100   | 11100     |   28    |  784
30   |     10101   | 10101     |   21    |  441
31   |     10110   | 10110     |   22    |  484
32   |     10011   | 10011     |   19    |  361
Suma                                     |   21487
Promedio                                 | 671.469
Max                                      |     961
Min                                      |     289


