1a generacion | Tabla 1
No. | Poblacion Inicial | Valor x | Aptitud |Probabilidad
1   |       01110       |   14    |    196  |0.0214067
2   |       00011       |    3    |      9  |0.000982962
3   |       10101       |   21    |    441  |0.0481651
4   |       10111       |   23    |    529  |0.0577763
5   |       01010       |   10    |    100  |0.0109218
6   |       10001       |   17    |    289  |0.031564
7   |       00011       |    3    |      9  |0.000982962
8   |       10010       |   18    |    324  |0.0353866
9   |       10100       |   20    |    400  |0.0436872
10   |       00110       |    6    |     36  |0.00393185
11   |       11001       |   25    |    625  |0.0682613
12   |       10110       |   22    |    484  |0.0528615
13   |       11000       |   24    |    576  |0.0629096
14   |       00011       |    3    |      9  |0.000982962
15   |       11010       |   26    |    676  |0.0738314
16   |       00101       |    5    |     25  |0.00273045
17   |       01001       |    9    |     81  |0.00884666
18   |       11000       |   24    |    576  |0.0629096
19   |       11011       |   27    |    729  |0.0796199
20   |       00010       |    2    |      4  |0.000436872
21   |       00101       |    5    |     25  |0.00273045
22   |       01010       |   10    |    100  |0.0109218
23   |       01001       |    9    |     81  |0.00884666
24   |       11111       |   31    |    961  |0.104958
25   |       01011       |   11    |    121  |0.0132154
26   |       01100       |   12    |    144  |0.0157274
27   |       01010       |   10    |    100  |0.0109218
28   |       01110       |   14    |    196  |0.0214067
29   |       11100       |   28    |    784  |0.0856269
30   |       10010       |   18    |    324  |0.0353866
31   |       01011       |   11    |    121  |0.0132154
32   |       01001       |    9    |     81  |0.00884666
Suma                               |    9156 |1
Promedio                           | 286.125 |0.03125
Max                                |     961 |0.104958
Min                                |       4 |0.000436872


15a generacion | Tabla 1
No. | Poblacion Inicial | Valor x | Aptitud |Probabilidad
1   |       11011       |   27    |    729  |0.0576239
2   |       00101       |    5    |     25  |0.00197613
3   |       11111       |   31    |    961  |0.0759624
4   |       10000       |   16    |    256  |0.0202356
5   |       11001       |   25    |    625  |0.0494032
6   |       11010       |   26    |    676  |0.0534345
7   |       01011       |   11    |    121  |0.00956446
8   |       11101       |   29    |    841  |0.066477
9   |       10000       |   16    |    256  |0.0202356
10   |       11010       |   26    |    676  |0.0534345
11   |       10011       |   19    |    361  |0.0285353
12   |       11000       |   24    |    576  |0.04553
13   |       00100       |    4    |     16  |0.00126472
14   |       01010       |   10    |    100  |0.00790451
15   |       00100       |    4    |     16  |0.00126472
16   |       01100       |   12    |    144  |0.0113825
17   |       01101       |   13    |    169  |0.0133586
18   |       10011       |   19    |    361  |0.0285353
19   |       11000       |   24    |    576  |0.04553
20   |       11101       |   29    |    841  |0.066477
21   |       00010       |    2    |      4  |0.000316181
22   |       01001       |    9    |     81  |0.00640266
23   |       01011       |   11    |    121  |0.00956446
24   |       01010       |   10    |    100  |0.00790451
25   |       10010       |   18    |    324  |0.0256106
26   |       11000       |   24    |    576  |0.04553
27   |       11110       |   30    |    900  |0.0711406
28   |       01010       |   10    |    100  |0.00790451
29   |       10001       |   17    |    289  |0.022844
30   |       11001       |   25    |    625  |0.0494032
31   |       11010       |   26    |    676  |0.0534345
32   |       10111       |   23    |    529  |0.0418149
Suma                               |   12651 |1
Promedio                           | 395.344 |0.03125
Max                                |     961 |0.0759624
Min                                |       4 |0.000316181


