1a generacion | Tabla 1
No. | Poblacion Inicial | Valor x | Aptitud |Probabilidad
1   |       00100       |    4    |     16  |0.00222438
2   |       01010       |   10    |    100  |0.0139024
3   |       00101       |    5    |     25  |0.0034756
4   |       01011       |   11    |    121  |0.0168219
5   |       01100       |   12    |    144  |0.0200195
6   |       01101       |   13    |    169  |0.0234951
7   |       00011       |    3    |      9  |0.00125122
8   |       10010       |   18    |    324  |0.0450438
9   |       11011       |   27    |    729  |0.101349
10   |       01000       |    8    |     64  |0.00889754
11   |       11100       |   28    |    784  |0.108995
12   |       00100       |    4    |     16  |0.00222438
13   |       01001       |    9    |     81  |0.0112609
14   |       01001       |    9    |     81  |0.0112609
15   |       00100       |    4    |     16  |0.00222438
16   |       01100       |   12    |    144  |0.0200195
17   |       10011       |   19    |    361  |0.0501877
18   |       00010       |    2    |      4  |0.000556096
19   |       00101       |    5    |     25  |0.0034756
20   |       00101       |    5    |     25  |0.0034756
21   |       00100       |    4    |     16  |0.00222438
22   |       10001       |   17    |    289  |0.040178
23   |       10111       |   23    |    529  |0.0735437
24   |       11001       |   25    |    625  |0.08689
25   |       10001       |   17    |    289  |0.040178
26   |       10111       |   23    |    529  |0.0735437
27   |       00010       |    2    |      4  |0.000556096
28   |       01110       |   14    |    196  |0.0272487
29   |       10110       |   22    |    484  |0.0672876
30   |       00011       |    3    |      9  |0.00125122
31   |       11101       |   29    |    841  |0.116919
32   |       01100       |   12    |    144  |0.0200195
Suma                               |    7193 |1
Promedio                           | 224.781 |0.03125
Max                                |     841 |0.116919
Min                                |       4 |0.000556096


15a generacion | Tabla 1
No. | Poblacion Inicial | Valor x | Aptitud |Probabilidad
1   |       01100       |   12    |    144  |0.0105805
2   |       01010       |   10    |    100  |0.00734754
3   |       00100       |    4    |     16  |0.00117561
4   |       11110       |   30    |    900  |0.0661278
5   |       01010       |   10    |    100  |0.00734754
6   |       10101       |   21    |    441  |0.0324026
7   |       01101       |   13    |    169  |0.0124173
8   |       01001       |    9    |     81  |0.00595151
9   |       10001       |   17    |    289  |0.0212344
10   |       11110       |   30    |    900  |0.0661278
11   |       10110       |   22    |    484  |0.0355621
12   |       11010       |   26    |    676  |0.0496694
13   |       11001       |   25    |    625  |0.0459221
14   |       00010       |    2    |      4  |0.000293902
15   |       10100       |   20    |    400  |0.0293902
16   |       00111       |    7    |     49  |0.00360029
17   |       11010       |   26    |    676  |0.0496694
18   |       01100       |   12    |    144  |0.0105805
19   |       10111       |   23    |    529  |0.0388685
20   |       11101       |   29    |    841  |0.0617928
21   |       00101       |    5    |     25  |0.00183688
22   |       10111       |   23    |    529  |0.0388685
23   |       11100       |   28    |    784  |0.0576047
24   |       11010       |   26    |    676  |0.0496694
25   |       11011       |   27    |    729  |0.0535636
26   |       11010       |   26    |    676  |0.0496694
27   |       11111       |   31    |    961  |0.0706098
28   |       11101       |   29    |    841  |0.0617928
29   |       00100       |    4    |     16  |0.00117561
30   |       11001       |   25    |    625  |0.0459221
31   |       01100       |   12    |    144  |0.0105805
32   |       00110       |    6    |     36  |0.00264511
Suma                               |   13610 |1
Promedio                           | 425.312 |0.03125
Max                                |     961 |0.0706098
Min                                |       4 |0.000293902


1a generacion | Tabla 1
No. | Poblacion Inicial | Valor x | Aptitud |Probabilidad
1   |       11110       |   30    |    900  |0.0895077
2   |       00011       |    3    |      9  |0.000895077
3   |       01111       |   15    |    225  |0.0223769
4   |       00011       |    3    |      9  |0.000895077
5   |       01101       |   13    |    169  |0.0168076
6   |       11111       |   31    |    961  |0.0955743
7   |       01110       |   14    |    196  |0.0194928
8   |       00001       |    1    |      1  |9.9453e-005
9   |       00110       |    6    |     36  |0.00358031
10   |       10011       |   19    |    361  |0.0359025
11   |       01101       |   13    |    169  |0.0168076
12   |       01111       |   15    |    225  |0.0223769
13   |       10000       |   16    |    256  |0.02546
14   |       00100       |    4    |     16  |0.00159125
15   |       01101       |   13    |    169  |0.0168076
16   |       00011       |    3    |      9  |0.000895077
17   |       11010       |   26    |    676  |0.0672302
18   |       11011       |   27    |    729  |0.0725012
19   |       10011       |   19    |    361  |0.0359025
20   |       10101       |   21    |    441  |0.0438588
21   |       10111       |   23    |    529  |0.0526106
22   |       10001       |   17    |    289  |0.0287419
23   |       00100       |    4    |     16  |0.00159125
24   |       01000       |    8    |     64  |0.00636499
25   |       11010       |   26    |    676  |0.0672302
26   |       00001       |    1    |      1  |9.9453e-005
27   |       01000       |    8    |     64  |0.00636499
28   |       10000       |   16    |    256  |0.02546
29   |       10000       |   16    |    256  |0.02546
30   |       11111       |   31    |    961  |0.0955743
31   |       11001       |   25    |    625  |0.0621581
32   |       10100       |   20    |    400  |0.0397812
Suma                               |   10055 |1
Promedio                           | 314.219 |0.03125
Max                                |     961 |0.0955743
Min                                |       1 |9.9453e-005


15a generacion | Tabla 1
No. | Poblacion Inicial | Valor x | Aptitud |Probabilidad
1   |       11100       |   28    |    784  |0.0730321
2   |       01011       |   11    |    121  |0.0112715
3   |       11101       |   29    |    841  |0.0783419
4   |       00011       |    3    |      9  |0.000838379
5   |       00111       |    7    |     49  |0.00456451
6   |       10010       |   18    |    324  |0.0301816
7   |       10111       |   23    |    529  |0.0492781
8   |       10111       |   23    |    529  |0.0492781
9   |       10010       |   18    |    324  |0.0301816
10   |       00101       |    5    |     25  |0.00232883
11   |       10100       |   20    |    400  |0.0372613
12   |       10010       |   18    |    324  |0.0301816
13   |       00111       |    7    |     49  |0.00456451
14   |       11000       |   24    |    576  |0.0536563
15   |       01111       |   15    |    225  |0.0209595
16   |       10101       |   21    |    441  |0.0410806
17   |       01011       |   11    |    121  |0.0112715
18   |       11000       |   24    |    576  |0.0536563
19   |       10000       |   16    |    256  |0.0238472
20   |       11000       |   24    |    576  |0.0536563
21   |       00001       |    1    |      1  |9.31532e-005
22   |       00100       |    4    |     16  |0.00149045
23   |       10001       |   17    |    289  |0.0269213
24   |       01101       |   13    |    169  |0.0157429
25   |       10000       |   16    |    256  |0.0238472
26   |       10100       |   20    |    400  |0.0372613
27   |       11101       |   29    |    841  |0.0783419
28   |       00011       |    3    |      9  |0.000838379
29   |       00101       |    5    |     25  |0.00232883
30   |       11111       |   31    |    961  |0.0895203
31   |       01000       |    8    |     64  |0.00596181
32   |       11001       |   25    |    625  |0.0582208
Suma                               |   10735 |1
Promedio                           | 335.469 |0.03125
Max                                |     961 |0.0895203
Min                                |       1 |9.31532e-005


1a generacion | Tabla 1
No. | Poblacion Inicial | Valor x | Aptitud |Probabilidad
1   |       10100       |   20    |    400  |0.0328165
2   |       11111       |   31    |    961  |0.0788416
3   |       00011       |    3    |      9  |0.000738371
4   |       10001       |   17    |    289  |0.0237099
5   |       10010       |   18    |    324  |0.0265813
6   |       01000       |    8    |     64  |0.00525064
7   |       01011       |   11    |    121  |0.00992698
8   |       00100       |    4    |     16  |0.00131266
9   |       11000       |   24    |    576  |0.0472557
10   |       01110       |   14    |    196  |0.0160801
11   |       01110       |   14    |    196  |0.0160801
12   |       00110       |    6    |     36  |0.00295348
13   |       01001       |    9    |     81  |0.00664534
14   |       11101       |   29    |    841  |0.0689966
15   |       01010       |   10    |    100  |0.00820412
16   |       11000       |   24    |    576  |0.0472557
17   |       01001       |    9    |     81  |0.00664534
18   |       11100       |   28    |    784  |0.0643203
19   |       01111       |   15    |    225  |0.0184593
20   |       11110       |   30    |    900  |0.0738371
21   |       11010       |   26    |    676  |0.0554598
22   |       01111       |   15    |    225  |0.0184593
23   |       11010       |   26    |    676  |0.0554598
24   |       10110       |   22    |    484  |0.0397079
25   |       10001       |   17    |    289  |0.0237099
26   |       01101       |   13    |    169  |0.013865
27   |       10001       |   17    |    289  |0.0237099
28   |       10000       |   16    |    256  |0.0210025
29   |       10001       |   17    |    289  |0.0237099
30   |       10110       |   22    |    484  |0.0397079
31   |       11010       |   26    |    676  |0.0554598
32   |       11110       |   30    |    900  |0.0738371
Suma                               |   12189 |1
Promedio                           | 380.906 |0.03125
Max                                |     961 |0.0788416
Min                                |       9 |0.000738371


15a generacion | Tabla 1
No. | Poblacion Inicial | Valor x | Aptitud |Probabilidad
1   |       10111       |   23    |    529  |0.0427302
2   |       11000       |   24    |    576  |0.0465267
3   |       01011       |   11    |    121  |0.00977383
4   |       00111       |    7    |     49  |0.003958
5   |       10110       |   22    |    484  |0.0390953
6   |       11000       |   24    |    576  |0.0465267
7   |       01110       |   14    |    196  |0.015832
8   |       01001       |    9    |     81  |0.00654281
9   |       11110       |   30    |    900  |0.0726979
10   |       00100       |    4    |     16  |0.00129241
11   |       10011       |   19    |    361  |0.0291599
12   |       11110       |   30    |    900  |0.0726979
13   |       01010       |   10    |    100  |0.00807754
14   |       11101       |   29    |    841  |0.0679322
15   |       11001       |   25    |    625  |0.0504847
16   |       10011       |   19    |    361  |0.0291599
17   |       10011       |   19    |    361  |0.0291599
18   |       00011       |    3    |      9  |0.000726979
19   |       11011       |   27    |    729  |0.0588853
20   |       10100       |   20    |    400  |0.0323102
21   |       00011       |    3    |      9  |0.000726979
22   |       00010       |    2    |      4  |0.000323102
23   |       11001       |   25    |    625  |0.0504847
24   |       10101       |   21    |    441  |0.035622
25   |       01111       |   15    |    225  |0.0181745
26   |       00100       |    4    |     16  |0.00129241
27   |       01001       |    9    |     81  |0.00654281
28   |       10001       |   17    |    289  |0.0233441
29   |       10111       |   23    |    529  |0.0427302
30   |       11011       |   27    |    729  |0.0588853
31   |       11111       |   31    |    961  |0.0776252
32   |       10000       |   16    |    256  |0.0206785
Suma                               |   12380 |1
Promedio                           | 386.875 |0.03125
Max                                |     961 |0.0776252
Min                                |       4 |0.000323102


1a generacion | Tabla 1
No. | Poblacion Inicial | Valor x | Aptitud |Probabilidad
1   |       10001       |   17    |    289  |0.0254783
2   |       11001       |   25    |    625  |0.0551001
3   |       10000       |   16    |    256  |0.022569
4   |       01011       |   11    |    121  |0.0106674
5   |       01111       |   15    |    225  |0.019836
6   |       00111       |    7    |     49  |0.00431984
7   |       10001       |   17    |    289  |0.0254783
8   |       01111       |   15    |    225  |0.019836
9   |       11010       |   26    |    676  |0.0595962
10   |       10110       |   22    |    484  |0.0426695
11   |       10010       |   18    |    324  |0.0285639
12   |       10111       |   23    |    529  |0.0466367
13   |       10111       |   23    |    529  |0.0466367
14   |       00101       |    5    |     25  |0.002204
15   |       10110       |   22    |    484  |0.0426695
16   |       10111       |   23    |    529  |0.0466367
17   |       10010       |   18    |    324  |0.0285639
18   |       00011       |    3    |      9  |0.000793441
19   |       01110       |   14    |    196  |0.0172794
20   |       00010       |    2    |      4  |0.00035264
21   |       11111       |   31    |    961  |0.0847219
22   |       00101       |    5    |     25  |0.002204
23   |       11010       |   26    |    676  |0.0595962
24   |       10010       |   18    |    324  |0.0285639
25   |       01101       |   13    |    169  |0.0148991
26   |       01110       |   14    |    196  |0.0172794
27   |       11011       |   27    |    729  |0.0642687
28   |       10111       |   23    |    529  |0.0466367
29   |       10111       |   23    |    529  |0.0466367
30   |       11010       |   26    |    676  |0.0595962
31   |       01001       |    9    |     81  |0.00714097
32   |       10000       |   16    |    256  |0.022569
Suma                               |   11343 |1
Promedio                           | 354.469 |0.03125
Max                                |     961 |0.0847219
Min                                |       4 |0.00035264


10a generacion | Tabla 1
No. | Poblacion Inicial | Valor x | Aptitud |Probabilidad
1   |       00001       |    1    |      1  |0.000109745
2   |       01011       |   11    |    121  |0.0132792
3   |       10110       |   22    |    484  |0.0531168
4   |       10100       |   20    |    400  |0.0438982
5   |       10100       |   20    |    400  |0.0438982
6   |       01111       |   15    |    225  |0.0246927
7   |       10011       |   19    |    361  |0.0396181
8   |       01101       |   13    |    169  |0.018547
9   |       00110       |    6    |     36  |0.00395083
10   |       10010       |   18    |    324  |0.0355575
11   |       01001       |    9    |     81  |0.00888938
12   |       00100       |    4    |     16  |0.00175593
13   |       10110       |   22    |    484  |0.0531168
14   |       01011       |   11    |    121  |0.0132792
15   |       01011       |   11    |    121  |0.0132792
16   |       10010       |   18    |    324  |0.0355575
17   |       11000       |   24    |    576  |0.0632133
18   |       10001       |   17    |    289  |0.0317164
19   |       10111       |   23    |    529  |0.0580553
20   |       00001       |    1    |      1  |0.000109745
21   |       11010       |   26    |    676  |0.0741879
22   |       01101       |   13    |    169  |0.018547
23   |       01001       |    9    |     81  |0.00888938
24   |       01010       |   10    |    100  |0.0109745
25   |       01001       |    9    |     81  |0.00888938
26   |       00101       |    5    |     25  |0.00274363
27   |       00110       |    6    |     36  |0.00395083
28   |       11101       |   29    |    841  |0.0922959
29   |       11010       |   26    |    676  |0.0741879
30   |       01000       |    8    |     64  |0.00702371
31   |       11110       |   30    |    900  |0.0987708
32   |       10100       |   20    |    400  |0.0438982
Suma                               |    9112 |1
Promedio                           |  284.75 |0.03125
Max                                |     900 |0.0987708
Min                                |       1 |0.000109745


1a generacion | Tabla 1
No. | Poblacion Inicial | Valor x | Aptitud |Probabilidad
1   |       11110       |   30    |    900  |0.0791766
2   |       10110       |   22    |    484  |0.0425794
3   |       11010       |   26    |    676  |0.0594704
4   |       01001       |    9    |     81  |0.00712589
5   |       10100       |   20    |    400  |0.0351896
6   |       00101       |    5    |     25  |0.00219935
7   |       01001       |    9    |     81  |0.00712589
8   |       10010       |   18    |    324  |0.0285036
9   |       10101       |   21    |    441  |0.0387965
10   |       01010       |   10    |    100  |0.0087974
11   |       00110       |    6    |     36  |0.00316706
12   |       01101       |   13    |    169  |0.0148676
13   |       01101       |   13    |    169  |0.0148676
14   |       00010       |    2    |      4  |0.000351896
15   |       10010       |   18    |    324  |0.0285036
16   |       01011       |   11    |    121  |0.0106448
17   |       01111       |   15    |    225  |0.0197941
18   |       10001       |   17    |    289  |0.0254245
19   |       10110       |   22    |    484  |0.0425794
20   |       00111       |    7    |     49  |0.00431072
21   |       10101       |   21    |    441  |0.0387965
22   |       10101       |   21    |    441  |0.0387965
23   |       11011       |   27    |    729  |0.064133
24   |       11101       |   29    |    841  |0.0739861
25   |       01111       |   15    |    225  |0.0197941
26   |       11001       |   25    |    625  |0.0549837
27   |       10100       |   20    |    400  |0.0351896
28   |       11110       |   30    |    900  |0.0791766
29   |       00101       |    5    |     25  |0.00219935
30   |       01101       |   13    |    169  |0.0148676
31   |       11110       |   30    |    900  |0.0791766
32   |       10001       |   17    |    289  |0.0254245
Suma                               |   11367 |1
Promedio                           | 355.219 |0.03125
Max                                |     900 |0.0791766
Min                                |       4 |0.000351896


15a generacion | Tabla 1
No. | Poblacion Inicial | Valor x | Aptitud |Probabilidad
1   |       11001       |   25    |    625  |0.0595806
2   |       11000       |   24    |    576  |0.0549094
3   |       11101       |   29    |    841  |0.0801716
4   |       10010       |   18    |    324  |0.0308866
5   |       01011       |   11    |    121  |0.0115348
6   |       11100       |   28    |    784  |0.0747378
7   |       01000       |    8    |     64  |0.00610105
8   |       11000       |   24    |    576  |0.0549094
9   |       01010       |   10    |    100  |0.00953289
10   |       10000       |   16    |    256  |0.0244042
11   |       11110       |   30    |    900  |0.085796
12   |       10100       |   20    |    400  |0.0381316
13   |       11000       |   24    |    576  |0.0549094
14   |       00011       |    3    |      9  |0.00085796
15   |       01100       |   12    |    144  |0.0137274
16   |       10011       |   19    |    361  |0.0344137
17   |       01101       |   13    |    169  |0.0161106
18   |       10010       |   18    |    324  |0.0308866
19   |       00101       |    5    |     25  |0.00238322
20   |       01111       |   15    |    225  |0.021449
21   |       10010       |   18    |    324  |0.0308866
22   |       10011       |   19    |    361  |0.0344137
23   |       10001       |   17    |    289  |0.02755
24   |       00101       |    5    |     25  |0.00238322
25   |       10000       |   16    |    256  |0.0244042
26   |       00100       |    4    |     16  |0.00152526
27   |       10110       |   22    |    484  |0.0461392
28   |       01001       |    9    |     81  |0.00772164
29   |       10011       |   19    |    361  |0.0344137
30   |       01101       |   13    |    169  |0.0161106
31   |       10010       |   18    |    324  |0.0308866
32   |       10100       |   20    |    400  |0.0381316
Suma                               |   10490 |1
Promedio                           | 327.812 |0.03125
Max                                |     900 |0.085796
Min                                |       9 |0.00085796


1a generacion | Tabla 1
No. | Poblacion Inicial | Valor x | Aptitud |Probabilidad
1   |       11101       |   29    |    841  |0.0753652
2   |       10111       |   23    |    529  |0.0474057
3   |       00010       |    2    |      4  |0.000358455
4   |       01001       |    9    |     81  |0.00725872
5   |       00001       |    1    |      1  |8.96138e-005
6   |       00001       |    1    |      1  |8.96138e-005
7   |       10010       |   18    |    324  |0.0290349
8   |       10000       |   16    |    256  |0.0229411
9   |       01010       |   10    |    100  |0.00896138
10   |       01001       |    9    |     81  |0.00725872
11   |       01001       |    9    |     81  |0.00725872
12   |       00110       |    6    |     36  |0.0032261
13   |       01011       |   11    |    121  |0.0108433
14   |       10101       |   21    |    441  |0.0395197
15   |       11110       |   30    |    900  |0.0806524
16   |       10010       |   18    |    324  |0.0290349
17   |       00100       |    4    |     16  |0.00143382
18   |       00111       |    7    |     49  |0.00439107
19   |       00111       |    7    |     49  |0.00439107
20   |       01111       |   15    |    225  |0.0201631
21   |       11100       |   28    |    784  |0.0702572
22   |       00011       |    3    |      9  |0.000806524
23   |       11110       |   30    |    900  |0.0806524
24   |       11001       |   25    |    625  |0.0560086
25   |       11000       |   24    |    576  |0.0516175
26   |       10011       |   19    |    361  |0.0323506
27   |       11010       |   26    |    676  |0.0605789
28   |       00101       |    5    |     25  |0.00224034
29   |       11011       |   27    |    729  |0.0653284
30   |       10010       |   18    |    324  |0.0290349
31   |       11011       |   27    |    729  |0.0653284
32   |       11111       |   31    |    961  |0.0861188
Suma                               |   11159 |1
Promedio                           | 348.719 |0.03125
Max                                |     961 |0.0861188
Min                                |       1 |8.96138e-005


12a generacion | Tabla 1
No. | Poblacion Inicial | Valor x | Aptitud |Probabilidad
1   |       01101       |   13    |    169  |0.0160205
2   |       01111       |   15    |    225  |0.021329
3   |       01010       |   10    |    100  |0.00947957
4   |       10000       |   16    |    256  |0.0242677
5   |       11101       |   29    |    841  |0.0797232
6   |       01100       |   12    |    144  |0.0136506
7   |       00110       |    6    |     36  |0.00341265
8   |       01110       |   14    |    196  |0.01858
9   |       01011       |   11    |    121  |0.0114703
10   |       11101       |   29    |    841  |0.0797232
11   |       01010       |   10    |    100  |0.00947957
12   |       01001       |    9    |     81  |0.00767845
13   |       10001       |   17    |    289  |0.027396
14   |       00010       |    2    |      4  |0.000379183
15   |       11000       |   24    |    576  |0.0546023
16   |       10000       |   16    |    256  |0.0242677
17   |       01011       |   11    |    121  |0.0114703
18   |       11111       |   31    |    961  |0.0910987
19   |       11110       |   30    |    900  |0.0853161
20   |       10100       |   20    |    400  |0.0379183
21   |       00100       |    4    |     16  |0.00151673
22   |       10101       |   21    |    441  |0.0418049
23   |       10111       |   23    |    529  |0.0501469
24   |       11101       |   29    |    841  |0.0797232
25   |       11101       |   29    |    841  |0.0797232
26   |       10001       |   17    |    289  |0.027396
27   |       01000       |    8    |     64  |0.00606693
28   |       10101       |   21    |    441  |0.0418049
29   |       10000       |   16    |    256  |0.0242677
30   |       00011       |    3    |      9  |0.000853161
31   |       01110       |   14    |    196  |0.01858
32   |       00011       |    3    |      9  |0.000853161
Suma                               |   10549 |1
Promedio                           | 329.656 |0.03125
Max                                |     961 |0.0910987
Min                                |       4 |0.000379183


1a generacion | Tabla 1
No. | Poblacion Inicial | Valor x | Aptitud |Probabilidad
1   |       01101       |   13    |    169  |0.018174
2   |       10011       |   19    |    361  |0.0388214
3   |       01001       |    9    |     81  |0.00871061
4   |       10101       |   21    |    441  |0.0474245
5   |       01110       |   14    |    196  |0.0210775
6   |       10001       |   17    |    289  |0.0310786
7   |       10100       |   20    |    400  |0.0430154
8   |       10001       |   17    |    289  |0.0310786
9   |       00001       |    1    |      1  |0.000107538
10   |       00011       |    3    |      9  |0.000967846
11   |       00010       |    2    |      4  |0.000430154
12   |       00010       |    2    |      4  |0.000430154
13   |       10110       |   22    |    484  |0.0520486
14   |       11001       |   25    |    625  |0.0672115
15   |       11110       |   30    |    900  |0.0967846
16   |       10100       |   20    |    400  |0.0430154
17   |       01110       |   14    |    196  |0.0210775
18   |       11111       |   31    |    961  |0.103344
19   |       01000       |    8    |     64  |0.00688246
20   |       11110       |   30    |    900  |0.0967846
21   |       00101       |    5    |     25  |0.00268846
22   |       10011       |   19    |    361  |0.0388214
23   |       01000       |    8    |     64  |0.00688246
24   |       01011       |   11    |    121  |0.0130122
25   |       10100       |   20    |    400  |0.0430154
26   |       10010       |   18    |    324  |0.0348425
27   |       10010       |   18    |    324  |0.0348425
28   |       10001       |   17    |    289  |0.0310786
29   |       10010       |   18    |    324  |0.0348425
30   |       01110       |   14    |    196  |0.0210775
31   |       00100       |    4    |     16  |0.00172062
32   |       01001       |    9    |     81  |0.00871061
Suma                               |    9299 |1
Promedio                           | 290.594 |0.03125
Max                                |     961 |0.103344
Min                                |       1 |0.000107538


12a generacion | Tabla 1
No. | Poblacion Inicial | Valor x | Aptitud |Probabilidad
1   |       00110       |    6    |     36  |0.00319375
2   |       11000       |   24    |    576  |0.0511001
3   |       00010       |    2    |      4  |0.000354862
4   |       01101       |   13    |    169  |0.0149929
5   |       11000       |   24    |    576  |0.0511001
6   |       11000       |   24    |    576  |0.0511001
7   |       01110       |   14    |    196  |0.0173882
8   |       10101       |   21    |    441  |0.0391235
9   |       00101       |    5    |     25  |0.00221789
10   |       10111       |   23    |    529  |0.0469304
11   |       11110       |   30    |    900  |0.0798439
12   |       10000       |   16    |    256  |0.0227111
13   |       10111       |   23    |    529  |0.0469304
14   |       11000       |   24    |    576  |0.0511001
15   |       00011       |    3    |      9  |0.000798439
16   |       01101       |   13    |    169  |0.0149929
17   |       11111       |   31    |    961  |0.0852555
18   |       11011       |   27    |    729  |0.0646735
19   |       11110       |   30    |    900  |0.0798439
20   |       01111       |   15    |    225  |0.019961
21   |       10010       |   18    |    324  |0.0287438
22   |       00100       |    4    |     16  |0.00141945
23   |       11010       |   26    |    676  |0.0599716
24   |       01101       |   13    |    169  |0.0149929
25   |       00010       |    2    |      4  |0.000354862
26   |       01111       |   15    |    225  |0.019961
27   |       00011       |    3    |      9  |0.000798439
28   |       10011       |   19    |    361  |0.0320263
29   |       01110       |   14    |    196  |0.0173882
30   |       10010       |   18    |    324  |0.0287438
31   |       01111       |   15    |    225  |0.019961
32   |       10011       |   19    |    361  |0.0320263
Suma                               |   11272 |1
Promedio                           |  352.25 |0.03125
Max                                |     961 |0.0852555
Min                                |       4 |0.000354862


1a generacion | Tabla 1
No. | Poblacion Inicial | Valor x | Aptitud |Probabilidad
1   |       10111       |   23    |    529  |0.056175
2   |       01001       |    9    |     81  |0.00860147
3   |       10110       |   22    |    484  |0.0513964
4   |       01010       |   10    |    100  |0.0106191
5   |       01000       |    8    |     64  |0.00679622
6   |       00101       |    5    |     25  |0.00265477
7   |       01101       |   13    |    169  |0.0179463
8   |       00101       |    5    |     25  |0.00265477
9   |       10001       |   17    |    289  |0.0306892
10   |       00011       |    3    |      9  |0.000955718
11   |       00011       |    3    |      9  |0.000955718
12   |       01010       |   10    |    100  |0.0106191
13   |       10101       |   21    |    441  |0.0468302
14   |       11111       |   31    |    961  |0.102049
15   |       10111       |   23    |    529  |0.056175
16   |       10110       |   22    |    484  |0.0513964
17   |       11111       |   31    |    961  |0.102049
18   |       10001       |   17    |    289  |0.0306892
19   |       01110       |   14    |    196  |0.0208134
20   |       01100       |   12    |    144  |0.0152915
21   |       01000       |    8    |     64  |0.00679622
22   |       11000       |   24    |    576  |0.061166
23   |       10011       |   19    |    361  |0.0383349
24   |       01010       |   10    |    100  |0.0106191
25   |       10110       |   22    |    484  |0.0513964
26   |       10000       |   16    |    256  |0.0271849
27   |       01010       |   10    |    100  |0.0106191
28   |       10011       |   19    |    361  |0.0383349
29   |       00100       |    4    |     16  |0.00169905
30   |       11001       |   25    |    625  |0.0663693
31   |       11000       |   24    |    576  |0.061166
32   |       00011       |    3    |      9  |0.000955718
Suma                               |    9417 |1
Promedio                           | 294.281 |0.03125
Max                                |     961 |0.102049
Min                                |       9 |0.000955718


15a generacion | Tabla 1
No. | Poblacion Inicial | Valor x | Aptitud |Probabilidad
1   |       01101       |   13    |    169  |0.0164894
2   |       00101       |    5    |     25  |0.00243926
3   |       00011       |    3    |      9  |0.000878134
4   |       11001       |   25    |    625  |0.0609816
5   |       11110       |   30    |    900  |0.0878134
6   |       00100       |    4    |     16  |0.00156113
7   |       10010       |   18    |    324  |0.0316128
8   |       11000       |   24    |    576  |0.0562006
9   |       11101       |   29    |    841  |0.0820568
10   |       10001       |   17    |    289  |0.0281979
11   |       11101       |   29    |    841  |0.0820568
12   |       01111       |   15    |    225  |0.0219534
13   |       00110       |    6    |     36  |0.00351254
14   |       10011       |   19    |    361  |0.0352229
15   |       01001       |    9    |     81  |0.00790321
16   |       01000       |    8    |     64  |0.00624451
17   |       00100       |    4    |     16  |0.00156113
18   |       10100       |   20    |    400  |0.0390282
19   |       10001       |   17    |    289  |0.0281979
20   |       01011       |   11    |    121  |0.011806
21   |       10101       |   21    |    441  |0.0430286
22   |       10011       |   19    |    361  |0.0352229
23   |       10101       |   21    |    441  |0.0430286
24   |       10011       |   19    |    361  |0.0352229
25   |       00001       |    1    |      1  |9.75705e-005
26   |       11001       |   25    |    625  |0.0609816
27   |       11100       |   28    |    784  |0.0764953
28   |       00011       |    3    |      9  |0.000878134
29   |       01011       |   11    |    121  |0.011806
30   |       01011       |   11    |    121  |0.011806
31   |       11010       |   26    |    676  |0.0659577
32   |       01010       |   10    |    100  |0.00975705
Suma                               |   10249 |1
Promedio                           | 320.281 |0.03125
Max                                |     900 |0.0878134
Min                                |       1 |9.75705e-005


