1a generacion | Tabla 3
No. | Descendencia | Mutacion | Valor x | Aptitud 
1   |     01110   | 01110     |   14    |  196
2   |     00010   | 00010     |    2    |    4
3   |     10001   | 10001     |   17    |  289
4   |     11001   | 11001     |   25    |  625
5   |     00000   | 00000     |    0    |    0
6   |     00110   | 00110     |    6    |   36
7   |     00001   | 00001     |    1    |    1
8   |     11111   | 11111     |   31    |  961
9   |     00010   | 00010     |    2    |    4
10   |     01111   | 01111     |   15    |  225
11   |     00011   | 00011     |    3    |    9
12   |     01011   | 01011     |   11    |  121
13   |     01111   | 01111     |   15    |  225
14   |     00000   | 00000     |    0    |    0
15   |     00101   | 00101     |    5    |   25
16   |     01000   | 11000     |   24    |  576
17   |     01111   | 01111     |   15    |  225
18   |     00000   | 00000     |    0    |    0
19   |     01111   | 01111     |   15    |  225
20   |     01000   | 01000     |    8    |   64
21   |     00110   | 10110     |   22    |  484
22   |     01100   | 11100     |   28    |  784
23   |     00110   | 00110     |    6    |   36
24   |     10101   | 10101     |   21    |  441
25   |     00100   | 00100     |    4    |   16
26   |     00101   | 00101     |    5    |   25
27   |     10000   | 10000     |   16    |  256
28   |     01010   | 01010     |   10    |  100
29   |     00000   | 00000     |    0    |    0
30   |     01010   | 01010     |   10    |  100
31   |     10000   | 10000     |   16    |  256
32   |     00101   | 00101     |    5    |   25
Suma                                     |    6334
Promedio                                 | 197.938
Max                                      |     961
Min                                      |       0


15a generacion | Tabla 3
No. | Descendencia | Mutacion | Valor x | Aptitud 
1   |     01111   | 01111     |   15    |  225
2   |     10101   | 11101     |   29    |  841
3   |     01010   | 01010     |   10    |  100
4   |     11010   | 11010     |   26    |  676
5   |     10000   | 10000     |   16    |  256
6   |     00101   | 10101     |   21    |  441
7   |     11111   | 11111     |   31    |  961
8   |     11010   | 11010     |   26    |  676
9   |     11010   | 11010     |   26    |  676
10   |     11001   | 11001     |   25    |  625
11   |     10110   | 10110     |   22    |  484
12   |     11011   | 11011     |   27    |  729
13   |     10100   | 10100     |   20    |  400
14   |     00111   | 00111     |    7    |   49
15   |     11000   | 11000     |   24    |  576
16   |     11110   | 11110     |   30    |  900
17   |     01111   | 01111     |   15    |  225
18   |     11100   | 11100     |   28    |  784
19   |     11001   | 11001     |   25    |  625
20   |     01010   | 01010     |   10    |  100
21   |     01011   | 01011     |   11    |  121
22   |     11010   | 11010     |   26    |  676
23   |     10111   | 10111     |   23    |  529
24   |     00101   | 10101     |   21    |  441
25   |     10010   | 10010     |   18    |  324
26   |     11001   | 11001     |   25    |  625
27   |     11000   | 11000     |   24    |  576
28   |     11110   | 11110     |   30    |  900
29   |     01111   | 01111     |   15    |  225
30   |     11100   | 11100     |   28    |  784
31   |     01110   | 01110     |   14    |  196
32   |     11000   | 11000     |   24    |  576
Suma                                     |   16322
Promedio                                 | 510.062
Max                                      |     961
Min                                      |      49


1a generacion | Tabla 3
No. | Descendencia | Mutacion | Valor x | Aptitud 
1   |     00001   | 00001     |    1    |    1
2   |     11001   | 11001     |   25    |  625
3   |     00111   | 00111     |    7    |   49
4   |     10010   | 10010     |   18    |  324
5   |     11111   | 11111     |   31    |  961
6   |     11111   | 11111     |   31    |  961
7   |     11001   | 11001     |   25    |  625
8   |     01110   | 01110     |   14    |  196
9   |     10000   | 10000     |   16    |  256
10   |     10000   | 10000     |   16    |  256
11   |     11110   | 11110     |   30    |  900
12   |     11011   | 11011     |   27    |  729
13   |     10111   | 10111     |   23    |  529
14   |     00011   | 00011     |    3    |    9
15   |     10100   | 10100     |   20    |  400
16   |     10001   | 10001     |   17    |  289
17   |     11010   | 11010     |   26    |  676
18   |     11011   | 11011     |   27    |  729
19   |     00001   | 00001     |    1    |    1
20   |     11001   | 11001     |   25    |  625
21   |     00111   | 00111     |    7    |   49
22   |     10000   | 10000     |   16    |  256
23   |     11000   | 11100     |   28    |  784
24   |     10001   | 10001     |   17    |  289
25   |     11111   | 11111     |   31    |  961
26   |     10111   | 10111     |   23    |  529
27   |     01111   | 01111     |   15    |  225
28   |     00001   | 00001     |    1    |    1
29   |     10111   | 10111     |   23    |  529
30   |     01101   | 11101     |   29    |  841
31   |     00011   | 00011     |    3    |    9
32   |     10011   | 10011     |   19    |  361
Suma                                     |   13975
Promedio                                 | 436.719
Max                                      |     961
Min                                      |       1


15a generacion | Tabla 3
No. | Descendencia | Mutacion | Valor x | Aptitud 
1   |     01011   | 01011     |   11    |  121
2   |     01000   | 01000     |    8    |   64
3   |     11100   | 11100     |   28    |  784
4   |     11011   | 11011     |   27    |  729
5   |     00100   | 00100     |    4    |   16
6   |     10001   | 11001     |   25    |  625
7   |     00100   | 00100     |    4    |   16
8   |     10111   | 10111     |   23    |  529
9   |     10111   | 10111     |   23    |  529
10   |     00000   | 00000     |    0    |    0
11   |     01100   | 01100     |   12    |  144
12   |     10011   | 10011     |   19    |  361
13   |     10000   | 10000     |   16    |  256
14   |     10100   | 10100     |   20    |  400
15   |     01000   | 01000     |    8    |   64
16   |     00100   | 00100     |    4    |   16
17   |     11101   | 11111     |   31    |  961
18   |     00100   | 00100     |    4    |   16
19   |     00101   | 00101     |    5    |   25
20   |     01101   | 01101     |   13    |  169
21   |     10001   | 10001     |   17    |  289
22   |     00100   | 00100     |    4    |   16
23   |     10001   | 10001     |   17    |  289
24   |     00110   | 00110     |    6    |   36
25   |     00100   | 00100     |    4    |   16
26   |     10001   | 10001     |   17    |  289
27   |     10101   | 10101     |   21    |  441
28   |     00111   | 10111     |   23    |  529
29   |     10100   | 10100     |   20    |  400
30   |     10000   | 10000     |   16    |  256
31   |     01001   | 01001     |    9    |   81
32   |     00100   | 00100     |    4    |   16
Suma                                     |    8483
Promedio                                 | 265.094
Max                                      |     961
Min                                      |       0


1a generacion | Tabla 3
No. | Descendencia | Mutacion | Valor x | Aptitud 
1   |     01100   | 01100     |   12    |  144
2   |     11011   | 11011     |   27    |  729
3   |     11011   | 11011     |   27    |  729
4   |     01110   | 01110     |   14    |  196
5   |     11100   | 11100     |   28    |  784
6   |     11110   | 11110     |   30    |  900
7   |     11100   | 11100     |   28    |  784
8   |     10100   | 10100     |   20    |  400
9   |     11101   | 11111     |   31    |  961
10   |     01010   | 11010     |   26    |  676
11   |     01111   | 01111     |   15    |  225
12   |     01111   | 01111     |   15    |  225
13   |     01100   | 01100     |   12    |  144
14   |     10011   | 10011     |   19    |  361
15   |     10100   | 10100     |   20    |  400
16   |     11010   | 11010     |   26    |  676
17   |     10010   | 10010     |   18    |  324
18   |     10101   | 10101     |   21    |  441
19   |     11010   | 11010     |   26    |  676
20   |     11010   | 11010     |   26    |  676
21   |     10110   | 10110     |   22    |  484
22   |     10110   | 10110     |   22    |  484
23   |     01010   | 01010     |   10    |  100
24   |     10001   | 10001     |   17    |  289
25   |     01010   | 01010     |   10    |  100
26   |     10100   | 10100     |   20    |  400
27   |     10010   | 10010     |   18    |  324
28   |     01100   | 01100     |   12    |  144
29   |     11101   | 11101     |   29    |  841
30   |     10010   | 10010     |   18    |  324
31   |     01001   | 11001     |   25    |  625
32   |     11110   | 11110     |   30    |  900
Suma                                     |   15466
Promedio                                 | 483.312
Max                                      |     961
Min                                      |     100


15a generacion | Tabla 3
No. | Descendencia | Mutacion | Valor x | Aptitud 
1   |     01000   | 01000     |    8    |   64
2   |     11010   | 11110     |   30    |  900
3   |     11010   | 11010     |   26    |  676
4   |     10100   | 10100     |   20    |  400
5   |     11010   | 11010     |   26    |  676
6   |     10101   | 10101     |   21    |  441
7   |     01000   | 01000     |    8    |   64
8   |     11001   | 11001     |   25    |  625
9   |     10111   | 10111     |   23    |  529
10   |     10111   | 10111     |   23    |  529
11   |     01010   | 11010     |   26    |  676
12   |     11101   | 11111     |   31    |  961
13   |     10111   | 10111     |   23    |  529
14   |     11001   | 11001     |   25    |  625
15   |     00001   | 00001     |    1    |    1
16   |     10011   | 10011     |   19    |  361
17   |     10111   | 10111     |   23    |  529
18   |     10010   | 10010     |   18    |  324
19   |     11011   | 11011     |   27    |  729
20   |     11011   | 11011     |   27    |  729
21   |     01010   | 01010     |   10    |  100
22   |     11110   | 11110     |   30    |  900
23   |     11111   | 11111     |   31    |  961
24   |     00111   | 00111     |    7    |   49
25   |     10111   | 10111     |   23    |  529
26   |     00101   | 00101     |    5    |   25
27   |     11011   | 11011     |   27    |  729
28   |     11011   | 11011     |   27    |  729
29   |     10110   | 10110     |   22    |  484
30   |     11110   | 11110     |   30    |  900
31   |     01010   | 01010     |   10    |  100
32   |     01011   | 01011     |   11    |  121
Suma                                     |   15995
Promedio                                 | 499.844
Max                                      |     961
Min                                      |       1


1a generacion | Tabla 3
No. | Descendencia | Mutacion | Valor x | Aptitud 
1   |     11001   | 11001     |   25    |  625
2   |     00111   | 00111     |    7    |   49
3   |     10010   | 10010     |   18    |  324
4   |     10110   | 11110     |   30    |  900
5   |     01101   | 01101     |   13    |  169
6   |     11001   | 11001     |   25    |  625
7   |     01110   | 01110     |   14    |  196
8   |     00011   | 10011     |   19    |  361
9   |     11001   | 11001     |   25    |  625
10   |     10011   | 10011     |   19    |  361
11   |     11010   | 11010     |   26    |  676
12   |     11010   | 11010     |   26    |  676
13   |     10011   | 10011     |   19    |  361
14   |     10101   | 10101     |   21    |  441
15   |     00101   | 00101     |    5    |   25
16   |     00101   | 00101     |    5    |   25
17   |     10110   | 10110     |   22    |  484
18   |     10111   | 10111     |   23    |  529
19   |     10101   | 10101     |   21    |  441
20   |     10011   | 10011     |   19    |  361
21   |     10001   | 10001     |   17    |  289
22   |     00110   | 00110     |    6    |   36
23   |     11011   | 11011     |   27    |  729
24   |     11011   | 11111     |   31    |  961
25   |     11101   | 11101     |   29    |  841
26   |     01111   | 01111     |   15    |  225
27   |     10110   | 10110     |   22    |  484
28   |     11011   | 11011     |   27    |  729
29   |     01010   | 01010     |   10    |  100
30   |     00001   | 00001     |    1    |    1
31   |     11010   | 11010     |   26    |  676
32   |     11011   | 11011     |   27    |  729
Suma                                     |   14054
Promedio                                 | 439.188
Max                                      |     961
Min                                      |       1


10a generacion | Tabla 3
No. | Descendencia | Mutacion | Valor x | Aptitud 
1   |     00011   | 00011     |    3    |    9
2   |     01101   | 01101     |   13    |  169
3   |     01010   | 01010     |   10    |  100
4   |     11011   | 11011     |   27    |  729
5   |     10110   | 11110     |   30    |  900
6   |     11000   | 11000     |   24    |  576
7   |     01001   | 01001     |    9    |   81
8   |     00011   | 00011     |    3    |    9
9   |     11110   | 11110     |   30    |  900
10   |     01010   | 01010     |   10    |  100
11   |     10001   | 10001     |   17    |  289
12   |     01001   | 01001     |    9    |   81
13   |     00101   | 00101     |    5    |   25
14   |     10010   | 10010     |   18    |  324
15   |     10100   | 10100     |   20    |  400
16   |     10110   | 10110     |   22    |  484
17   |     10010   | 10010     |   18    |  324
18   |     11110   | 11110     |   30    |  900
19   |     10111   | 10111     |   23    |  529
20   |     01000   | 01000     |    8    |   64
21   |     11110   | 11110     |   30    |  900
22   |     00101   | 00101     |    5    |   25
23   |     00101   | 00101     |    5    |   25
24   |     10010   | 11110     |   30    |  900
25   |     10100   | 10100     |   20    |  400
26   |     10100   | 10100     |   20    |  400
27   |     11011   | 11011     |   27    |  729
28   |     01010   | 01010     |   10    |  100
29   |     01000   | 01000     |    8    |   64
30   |     11000   | 11000     |   24    |  576
31   |     00000   | 00000     |    0    |    0
32   |     11001   | 11001     |   25    |  625
Suma                                     |   11737
Promedio                                 | 366.781
Max                                      |     900
Min                                      |       0


1a generacion | Tabla 3
No. | Descendencia | Mutacion | Valor x | Aptitud 
1   |     11100   | 11100     |   28    |  784
2   |     10110   | 10110     |   22    |  484
3   |     10011   | 10011     |   19    |  361
4   |     11010   | 11010     |   26    |  676
5   |     11010   | 11010     |   26    |  676
6   |     10011   | 10011     |   19    |  361
7   |     10001   | 10001     |   17    |  289
8   |     11101   | 11111     |   31    |  961
9   |     01101   | 01101     |   13    |  169
10   |     11101   | 11101     |   29    |  841
11   |     11101   | 11101     |   29    |  841
12   |     00110   | 00110     |    6    |   36
13   |     01101   | 01101     |   13    |  169
14   |     01101   | 01101     |   13    |  169
15   |     10010   | 10010     |   18    |  324
16   |     00010   | 00010     |    2    |    4
17   |     00110   | 00110     |    6    |   36
18   |     10011   | 10011     |   19    |  361
19   |     11111   | 11111     |   31    |  961
20   |     11010   | 11010     |   26    |  676
21   |     10011   | 10011     |   19    |  361
22   |     01101   | 01101     |   13    |  169
23   |     10110   | 10110     |   22    |  484
24   |     11001   | 11001     |   25    |  625
25   |     01001   | 01001     |    9    |   81
26   |     11001   | 11001     |   25    |  625
27   |     00100   | 00100     |    4    |   16
28   |     10110   | 10110     |   22    |  484
29   |     11101   | 11101     |   29    |  841
30   |     01110   | 11110     |   30    |  900
31   |     01101   | 11101     |   29    |  841
32   |     01011   | 01011     |   11    |  121
Suma                                     |   14727
Promedio                                 | 460.219
Max                                      |     961
Min                                      |       4


15a generacion | Tabla 3
No. | Descendencia | Mutacion | Valor x | Aptitud 
1   |     11011   | 11011     |   27    |  729
2   |     10000   | 11000     |   24    |  576
3   |     01001   | 01001     |    9    |   81
4   |     10001   | 10001     |   17    |  289
5   |     11011   | 11011     |   27    |  729
6   |     00001   | 00001     |    1    |    1
7   |     00110   | 00110     |    6    |   36
8   |     10000   | 10000     |   16    |  256
9   |     10010   | 10010     |   18    |  324
10   |     10010   | 10010     |   18    |  324
11   |     10001   | 10001     |   17    |  289
12   |     10000   | 10000     |   16    |  256
13   |     00100   | 00100     |    4    |   16
14   |     11000   | 11000     |   24    |  576
15   |     10000   | 11000     |   24    |  576
16   |     01011   | 11011     |   27    |  729
17   |     01100   | 01100     |   12    |  144
18   |     10011   | 10011     |   19    |  361
19   |     10010   | 10010     |   18    |  324
20   |     10000   | 10000     |   16    |  256
21   |     11010   | 11010     |   26    |  676
22   |     10000   | 10000     |   16    |  256
23   |     10000   | 10000     |   16    |  256
24   |     11000   | 11000     |   24    |  576
25   |     10000   | 10000     |   16    |  256
26   |     01010   | 01010     |   10    |  100
27   |     01111   | 01111     |   15    |  225
28   |     01001   | 01001     |    9    |   81
29   |     10001   | 10001     |   17    |  289
30   |     00111   | 00111     |    7    |   49
31   |     10001   | 10001     |   17    |  289
32   |     01110   | 01110     |   14    |  196
Suma                                     |   10121
Promedio                                 | 316.281
Max                                      |     729
Min                                      |       1


1a generacion | Tabla 3
No. | Descendencia | Mutacion | Valor x | Aptitud 
1   |     10011   | 10011     |   19    |  361
2   |     00010   | 00010     |    2    |    4
3   |     11110   | 11110     |   30    |  900
4   |     10010   | 10010     |   18    |  324
5   |     11000   | 11000     |   24    |  576
6   |     11011   | 11011     |   27    |  729
7   |     00110   | 00110     |    6    |   36
8   |     10000   | 10000     |   16    |  256
9   |     00110   | 00110     |    6    |   36
10   |     11000   | 11000     |   24    |  576
11   |     11000   | 11000     |   24    |  576
12   |     11000   | 11000     |   24    |  576
13   |     10001   | 10001     |   17    |  289
14   |     01011   | 01011     |   11    |  121
15   |     10001   | 10001     |   17    |  289
16   |     11111   | 11111     |   31    |  961
17   |     00011   | 00011     |    3    |    9
18   |     01011   | 01011     |   11    |  121
19   |     11111   | 11111     |   31    |  961
20   |     11010   | 11010     |   26    |  676
21   |     01010   | 01010     |   10    |  100
22   |     10001   | 10001     |   17    |  289
23   |     11010   | 11010     |   26    |  676
24   |     11101   | 11101     |   29    |  841
25   |     01001   | 01001     |    9    |   81
26   |     01011   | 11011     |   27    |  729
27   |     01011   | 01011     |   11    |  121
28   |     11011   | 11011     |   27    |  729
29   |     00011   | 10011     |   19    |  361
30   |     01011   | 11011     |   27    |  729
31   |     00111   | 00111     |    7    |   49
32   |     10001   | 10001     |   17    |  289
Suma                                     |   13371
Promedio                                 | 417.844
Max                                      |     961
Min                                      |       4


12a generacion | Tabla 3
No. | Descendencia | Mutacion | Valor x | Aptitud 
1   |     11101   | 11101     |   29    |  841
2   |     11101   | 11101     |   29    |  841
3   |     00100   | 00100     |    4    |   16
4   |     10000   | 10000     |   16    |  256
5   |     11100   | 11100     |   28    |  784
6   |     10001   | 10001     |   17    |  289
7   |     01111   | 01111     |   15    |  225
8   |     01001   | 01001     |    9    |   81
9   |     11101   | 11101     |   29    |  841
10   |     01110   | 11110     |   30    |  900
11   |     00001   | 00001     |    1    |    1
12   |     11110   | 11110     |   30    |  900
13   |     00101   | 00101     |    5    |   25
14   |     11110   | 11110     |   30    |  900
15   |     01000   | 01000     |    8    |   64
16   |     10010   | 10010     |   18    |  324
17   |     10101   | 10101     |   21    |  441
18   |     01000   | 11000     |   24    |  576
19   |     01100   | 01100     |   12    |  144
20   |     00100   | 00100     |    4    |   16
21   |     11111   | 11111     |   31    |  961
22   |     10111   | 10111     |   23    |  529
23   |     01001   | 01001     |    9    |   81
24   |     10000   | 10000     |   16    |  256
25   |     00111   | 00111     |    7    |   49
26   |     01010   | 01010     |   10    |  100
27   |     01010   | 01010     |   10    |  100
28   |     01111   | 01111     |   15    |  225
29   |     10001   | 11001     |   25    |  625
30   |     10100   | 10100     |   20    |  400
31   |     11111   | 11111     |   31    |  961
32   |     01001   | 01001     |    9    |   81
Suma                                     |   12833
Promedio                                 | 401.031
Max                                      |     961
Min                                      |       1


1a generacion | Tabla 3
No. | Descendencia | Mutacion | Valor x | Aptitud 
1   |     11111   | 11111     |   31    |  961
2   |     11110   | 11110     |   30    |  900
3   |     10011   | 10011     |   19    |  361
4   |     01001   | 01001     |    9    |   81
5   |     00010   | 00010     |    2    |    4
6   |     10110   | 10110     |   22    |  484
7   |     01110   | 01110     |   14    |  196
8   |     01110   | 01110     |   14    |  196
9   |     01110   | 01110     |   14    |  196
10   |     01101   | 01101     |   13    |  169
11   |     11010   | 11010     |   26    |  676
12   |     00001   | 00001     |    1    |    1
13   |     10010   | 10010     |   18    |  324
14   |     00010   | 00010     |    2    |    4
15   |     11001   | 11001     |   25    |  625
16   |     01001   | 01001     |    9    |   81
17   |     10100   | 10100     |   20    |  400
18   |     10101   | 10101     |   21    |  441
19   |     00010   | 00010     |    2    |    4
20   |     11110   | 11111     |   31    |  961
21   |     01010   | 01010     |   10    |  100
22   |     10100   | 10100     |   20    |  400
23   |     10010   | 10010     |   18    |  324
24   |     11110   | 11110     |   30    |  900
25   |     10010   | 10010     |   18    |  324
26   |     01110   | 01110     |   14    |  196
27   |     01010   | 01010     |   10    |  100
28   |     00001   | 00001     |    1    |    1
29   |     11101   | 11101     |   29    |  841
30   |     10010   | 10010     |   18    |  324
31   |     10010   | 11010     |   26    |  676
32   |     01110   | 01110     |   14    |  196
Suma                                     |   11447
Promedio                                 | 357.719
Max                                      |     961
Min                                      |       1


12a generacion | Tabla 3
No. | Descendencia | Mutacion | Valor x | Aptitud 
1   |     01110   | 01110     |   14    |  196
2   |     11001   | 11001     |   25    |  625
3   |     01110   | 11110     |   30    |  900
4   |     00101   | 00101     |    5    |   25
5   |     11100   | 11100     |   28    |  784
6   |     11010   | 11010     |   26    |  676
7   |     11101   | 11101     |   29    |  841
8   |     00111   | 00111     |    7    |   49
9   |     11001   | 11001     |   25    |  625
10   |     01100   | 01100     |   12    |  144
11   |     11101   | 11101     |   29    |  841
12   |     01111   | 01111     |   15    |  225
13   |     00011   | 00011     |    3    |    9
14   |     01110   | 01110     |   14    |  196
15   |     11000   | 11100     |   28    |  784
16   |     11000   | 11000     |   24    |  576
17   |     11001   | 11001     |   25    |  625
18   |     01100   | 01100     |   12    |  144
19   |     01100   | 01100     |   12    |  144
20   |     11001   | 11001     |   25    |  625
21   |     01111   | 01111     |   15    |  225
22   |     01110   | 01110     |   14    |  196
23   |     00101   | 00101     |    5    |   25
24   |     01100   | 01100     |   12    |  144
25   |     11111   | 11111     |   31    |  961
26   |     01111   | 01111     |   15    |  225
27   |     10101   | 10101     |   21    |  441
28   |     01111   | 11111     |   31    |  961
29   |     01100   | 01100     |   12    |  144
30   |     11001   | 11001     |   25    |  625
31   |     00111   | 00111     |    7    |   49
32   |     10100   | 10100     |   20    |  400
Suma                                     |   13430
Promedio                                 | 419.688
Max                                      |     961
Min                                      |       9


1a generacion | Tabla 3
No. | Descendencia | Mutacion | Valor x | Aptitud 
1   |     11001   | 11001     |   25    |  625
2   |     10101   | 10101     |   21    |  441
3   |     10101   | 10101     |   21    |  441
4   |     01111   | 01111     |   15    |  225
5   |     11110   | 11110     |   30    |  900
6   |     01011   | 01011     |   11    |  121
7   |     10110   | 10110     |   22    |  484
8   |     10110   | 10110     |   22    |  484
9   |     00011   | 00011     |    3    |    9
10   |     11111   | 11111     |   31    |  961
11   |     00110   | 00110     |    6    |   36
12   |     10100   | 10100     |   20    |  400
13   |     11101   | 11101     |   29    |  841
14   |     00111   | 00111     |    7    |   49
15   |     10001   | 10001     |   17    |  289
16   |     10011   | 10011     |   19    |  361
17   |     11011   | 11011     |   27    |  729
18   |     11101   | 11111     |   31    |  961
19   |     01010   | 01010     |   10    |  100
20   |     01010   | 11010     |   26    |  676
21   |     10110   | 10110     |   22    |  484
22   |     01110   | 01110     |   14    |  196
23   |     11010   | 11010     |   26    |  676
24   |     10101   | 10101     |   21    |  441
25   |     00001   | 00001     |    1    |    1
26   |     10011   | 10011     |   19    |  361
27   |     11100   | 11100     |   28    |  784
28   |     00111   | 00111     |    7    |   49
29   |     00111   | 00111     |    7    |   49
30   |     11101   | 11101     |   29    |  841
31   |     00101   | 00101     |    5    |   25
32   |     11001   | 11001     |   25    |  625
Suma                                     |   13665
Promedio                                 | 427.031
Max                                      |     961
Min                                      |       1


15a generacion | Tabla 3
No. | Descendencia | Mutacion | Valor x | Aptitud 
1   |     10001   | 10001     |   17    |  289
2   |     10001   | 10001     |   17    |  289
3   |     10011   | 10011     |   19    |  361
4   |     01011   | 11011     |   27    |  729
5   |     11010   | 11110     |   30    |  900
6   |     11001   | 11001     |   25    |  625
7   |     11001   | 11001     |   25    |  625
8   |     11101   | 11101     |   29    |  841
9   |     11001   | 11001     |   25    |  625
10   |     11100   | 11100     |   28    |  784
11   |     11100   | 11100     |   28    |  784
12   |     00110   | 00110     |    6    |   36
13   |     10111   | 10111     |   23    |  529
14   |     10000   | 10000     |   16    |  256
15   |     10001   | 10001     |   17    |  289
16   |     10110   | 10110     |   22    |  484
17   |     11011   | 11011     |   27    |  729
18   |     01000   | 01000     |    8    |   64
19   |     00001   | 00001     |    1    |    1
20   |     01101   | 01101     |   13    |  169
21   |     00100   | 00100     |    4    |   16
22   |     11000   | 11000     |   24    |  576
23   |     11001   | 11001     |   25    |  625
24   |     11001   | 11001     |   25    |  625
25   |     11100   | 11100     |   28    |  784
26   |     11001   | 11001     |   25    |  625
27   |     10110   | 11110     |   30    |  900
28   |     10001   | 10001     |   17    |  289
29   |     10101   | 10101     |   21    |  441
30   |     00000   | 00000     |    0    |    0
31   |     00001   | 00001     |    1    |    1
32   |     11111   | 11111     |   31    |  961
Suma                                     |   15252
Promedio                                 | 476.625
Max                                      |     961
Min                                      |       0


