1a generacion | Tabla 2
No. |    Cruza    |Pto. de cruza| Descendencia | Valor x | Aptitud 
1   |     01110   |     3      |     01110     |   14    |  196
2   |     00010   |     3      |     00010     |    2    |    4
3   |     10001   |     3      |     10001     |   17    |  289
4   |     11001   |     3      |     11001     |   25    |  625
5   |     00010   |     3      |     00000     |    0    |    0
6   |     00100   |     3      |     00110     |    6    |   36
7   |     00011   |     3      |     00001     |    1    |    1
8   |     11101   |     3      |     11111     |   31    |  961
9   |     00011   |     3      |     00010     |    2    |    4
10   |     01110   |     3      |     01111     |   15    |  225
11   |     00011   |     3      |     00011     |    3    |    9
12   |     01011   |     3      |     01011     |   11    |  121
13   |     01100   |     3      |     01111     |   15    |  225
14   |     00011   |     3      |     00000     |    0    |    0
15   |     00100   |     3      |     00101     |    5    |   25
16   |     01001   |     3      |     01000     |    8    |   64
17   |     01100   |     3      |     01111     |   15    |  225
18   |     00011   |     3      |     00000     |    0    |    0
19   |     01100   |     3      |     01111     |   15    |  225
20   |     01011   |     3      |     01000     |    8    |   64
21   |     00100   |     3      |     00110     |    6    |   36
22   |     01110   |     3      |     01100     |   12    |  144
23   |     00101   |     3      |     00110     |    6    |   36
24   |     10110   |     3      |     10101     |   21    |  441
25   |     00101   |     3      |     00100     |    4    |   16
26   |     00100   |     3      |     00101     |    5    |   25
27   |     10010   |     3      |     10000     |   16    |  256
28   |     01000   |     3      |     01010     |   10    |  100
29   |     00010   |     3      |     00000     |    0    |    0
30   |     01000   |     3      |     01010     |   10    |  100
31   |     10001   |     3      |     10000     |   16    |  256
32   |     00100   |     3      |     00101     |    5    |   25
Suma                                                      |    4734
Promedio                                                  | 147.938
Max                                                       |     961
Min                                                       |       0


15a generacion | Tabla 2
No. |    Cruza    |Pto. de cruza| Descendencia | Valor x | Aptitud 
1   |     01101   |     3      |     01111     |   15    |  225
2   |     10111   |     3      |     10101     |   21    |  441
3   |     01010   |     3      |     01010     |   10    |  100
4   |     11010   |     3      |     11010     |   26    |  676
5   |     10001   |     3      |     10000     |   16    |  256
6   |     00100   |     3      |     00101     |    5    |   25
7   |     11110   |     3      |     11111     |   31    |  961
8   |     11011   |     3      |     11010     |   26    |  676
9   |     11001   |     3      |     11010     |   26    |  676
10   |     11010   |     3      |     11001     |   25    |  625
11   |     10111   |     3      |     10110     |   22    |  484
12   |     11010   |     3      |     11011     |   27    |  729
13   |     10111   |     3      |     10100     |   20    |  400
14   |     00100   |     3      |     00111     |    7    |   49
15   |     11010   |     3      |     11000     |   24    |  576
16   |     11100   |     3      |     11110     |   30    |  900
17   |     01100   |     3      |     01111     |   15    |  225
18   |     11111   |     3      |     11100     |   28    |  784
19   |     11010   |     3      |     11001     |   25    |  625
20   |     01001   |     3      |     01010     |   10    |  100
21   |     01010   |     3      |     01011     |   11    |  121
22   |     11011   |     3      |     11010     |   26    |  676
23   |     10101   |     3      |     10111     |   23    |  529
24   |     00111   |     3      |     00101     |    5    |   25
25   |     10001   |     3      |     10010     |   18    |  324
26   |     11010   |     3      |     11001     |   25    |  625
27   |     11010   |     3      |     11000     |   24    |  576
28   |     11100   |     3      |     11110     |   30    |  900
29   |     01100   |     3      |     01111     |   15    |  225
30   |     11111   |     3      |     11100     |   28    |  784
31   |     01100   |     3      |     01110     |   14    |  196
32   |     11010   |     3      |     11000     |   24    |  576
Suma                                                      |   15090
Promedio                                                  | 471.562
Max                                                       |     961
Min                                                       |      25


1a generacion | Tabla 2
No. |    Cruza    |Pto. de cruza| Descendencia | Valor x | Aptitud 
1   |     00001   |     3      |     00001     |    1    |    1
2   |     11001   |     3      |     11001     |   25    |  625
3   |     00110   |     3      |     00111     |    7    |   49
4   |     10011   |     3      |     10010     |   18    |  324
5   |     11111   |     3      |     11111     |   31    |  961
6   |     11111   |     3      |     11111     |   31    |  961
7   |     11010   |     3      |     11001     |   25    |  625
8   |     01101   |     3      |     01110     |   14    |  196
9   |     10000   |     3      |     10000     |   16    |  256
10   |     10000   |     3      |     10000     |   16    |  256
11   |     11111   |     3      |     11110     |   30    |  900
12   |     11010   |     3      |     11011     |   27    |  729
13   |     10111   |     3      |     10111     |   23    |  529
14   |     00011   |     3      |     00011     |    3    |    9
15   |     10101   |     3      |     10100     |   20    |  400
16   |     10000   |     3      |     10001     |   17    |  289
17   |     11011   |     3      |     11010     |   26    |  676
18   |     11010   |     3      |     11011     |   27    |  729
19   |     00001   |     3      |     00001     |    1    |    1
20   |     11001   |     3      |     11001     |   25    |  625
21   |     00100   |     3      |     00111     |    7    |   49
22   |     10011   |     3      |     10000     |   16    |  256
23   |     11001   |     3      |     11000     |   24    |  576
24   |     10000   |     3      |     10001     |   17    |  289
25   |     11111   |     3      |     11111     |   31    |  961
26   |     10111   |     3      |     10111     |   23    |  529
27   |     01101   |     3      |     01111     |   15    |  225
28   |     00011   |     3      |     00001     |    1    |    1
29   |     10101   |     3      |     10111     |   23    |  529
30   |     01111   |     3      |     01101     |   13    |  169
31   |     00011   |     3      |     00011     |    3    |    9
32   |     10011   |     3      |     10011     |   19    |  361
Suma                                                      |   13095
Promedio                                                  | 409.219
Max                                                       |     961
Min                                                       |       1


15a generacion | Tabla 2
No. |    Cruza    |Pto. de cruza| Descendencia | Valor x | Aptitud 
1   |     01000   |     3      |     01011     |   11    |  121
2   |     01011   |     3      |     01000     |    8    |   64
3   |     11111   |     3      |     11100     |   28    |  784
4   |     11000   |     3      |     11011     |   27    |  729
5   |     00101   |     3      |     00100     |    4    |   16
6   |     10000   |     3      |     10001     |   17    |  289
7   |     00111   |     3      |     00100     |    4    |   16
8   |     10100   |     3      |     10111     |   23    |  529
9   |     10100   |     3      |     10111     |   23    |  529
10   |     00011   |     3      |     00000     |    0    |    0
11   |     01111   |     3      |     01100     |   12    |  144
12   |     10000   |     3      |     10011     |   19    |  361
13   |     10000   |     3      |     10000     |   16    |  256
14   |     10100   |     3      |     10100     |   20    |  400
15   |     01000   |     3      |     01000     |    8    |   64
16   |     00100   |     3      |     00100     |    4    |   16
17   |     11100   |     3      |     11101     |   29    |  841
18   |     00101   |     3      |     00100     |    4    |   16
19   |     00101   |     3      |     00101     |    5    |   25
20   |     01101   |     3      |     01101     |   13    |  169
21   |     10000   |     3      |     10001     |   17    |  289
22   |     00101   |     3      |     00100     |    4    |   16
23   |     10010   |     3      |     10001     |   17    |  289
24   |     00101   |     3      |     00110     |    6    |   36
25   |     00101   |     3      |     00100     |    4    |   16
26   |     10000   |     3      |     10001     |   17    |  289
27   |     10111   |     3      |     10101     |   21    |  441
28   |     00101   |     3      |     00111     |    7    |   49
29   |     10100   |     3      |     10100     |   20    |  400
30   |     10000   |     3      |     10000     |   16    |  256
31   |     01000   |     3      |     01001     |    9    |   81
32   |     00101   |     3      |     00100     |    4    |   16
Suma                                                      |    7547
Promedio                                                  | 235.844
Max                                                       |     841
Min                                                       |       0


1a generacion | Tabla 2
No. |    Cruza    |Pto. de cruza| Descendencia | Valor x | Aptitud 
1   |     01111   |     3      |     01100     |   12    |  144
2   |     11000   |     3      |     11011     |   27    |  729
3   |     11010   |     3      |     11011     |   27    |  729
4   |     01111   |     3      |     01110     |   14    |  196
5   |     11110   |     3      |     11100     |   28    |  784
6   |     11100   |     3      |     11110     |   30    |  900
7   |     11100   |     3      |     11100     |   28    |  784
8   |     10100   |     3      |     10100     |   20    |  400
9   |     11110   |     3      |     11101     |   29    |  841
10   |     01001   |     3      |     01010     |   10    |  100
11   |     01111   |     3      |     01111     |   15    |  225
12   |     01111   |     3      |     01111     |   15    |  225
13   |     01111   |     3      |     01100     |   12    |  144
14   |     10000   |     3      |     10011     |   19    |  361
15   |     10110   |     3      |     10100     |   20    |  400
16   |     11000   |     3      |     11010     |   26    |  676
17   |     10001   |     3      |     10010     |   18    |  324
18   |     10110   |     3      |     10101     |   21    |  441
19   |     11010   |     3      |     11010     |   26    |  676
20   |     11010   |     3      |     11010     |   26    |  676
21   |     10110   |     3      |     10110     |   22    |  484
22   |     10110   |     3      |     10110     |   22    |  484
23   |     01001   |     3      |     01010     |   10    |  100
24   |     10010   |     3      |     10001     |   17    |  289
25   |     01000   |     3      |     01010     |   10    |  100
26   |     10110   |     3      |     10100     |   20    |  400
27   |     10000   |     3      |     10010     |   18    |  324
28   |     01110   |     3      |     01100     |   12    |  144
29   |     11110   |     3      |     11101     |   29    |  841
30   |     10001   |     3      |     10010     |   18    |  324
31   |     01010   |     3      |     01001     |    9    |   81
32   |     11101   |     3      |     11110     |   30    |  900
Suma                                                      |   14226
Promedio                                                  | 444.562
Max                                                       |     900
Min                                                       |      81


15a generacion | Tabla 2
No. |    Cruza    |Pto. de cruza| Descendencia | Valor x | Aptitud 
1   |     01010   |     3      |     01000     |    8    |   64
2   |     11000   |     3      |     11010     |   26    |  676
3   |     11000   |     3      |     11010     |   26    |  676
4   |     10110   |     3      |     10100     |   20    |  400
5   |     11001   |     3      |     11010     |   26    |  676
6   |     10110   |     3      |     10101     |   21    |  441
7   |     01001   |     3      |     01000     |    8    |   64
8   |     11000   |     3      |     11001     |   25    |  625
9   |     10111   |     3      |     10111     |   23    |  529
10   |     10111   |     3      |     10111     |   23    |  529
11   |     01001   |     3      |     01010     |   10    |  100
12   |     11110   |     3      |     11101     |   29    |  841
13   |     10101   |     3      |     10111     |   23    |  529
14   |     11011   |     3      |     11001     |   25    |  625
15   |     00011   |     3      |     00001     |    1    |    1
16   |     10001   |     3      |     10011     |   19    |  361
17   |     10110   |     3      |     10111     |   23    |  529
18   |     10011   |     3      |     10010     |   18    |  324
19   |     11011   |     3      |     11011     |   27    |  729
20   |     11011   |     3      |     11011     |   27    |  729
21   |     01010   |     3      |     01010     |   10    |  100
22   |     11110   |     3      |     11110     |   30    |  900
23   |     11111   |     3      |     11111     |   31    |  961
24   |     00111   |     3      |     00111     |    7    |   49
25   |     10101   |     3      |     10111     |   23    |  529
26   |     00111   |     3      |     00101     |    5    |   25
27   |     11011   |     3      |     11011     |   27    |  729
28   |     11011   |     3      |     11011     |   27    |  729
29   |     10110   |     3      |     10110     |   22    |  484
30   |     11110   |     3      |     11110     |   30    |  900
31   |     01011   |     3      |     01010     |   10    |  100
32   |     01010   |     3      |     01011     |   11    |  121
Suma                                                      |   15075
Promedio                                                  | 471.094
Max                                                       |     961
Min                                                       |       1


1a generacion | Tabla 2
No. |    Cruza    |Pto. de cruza| Descendencia | Valor x | Aptitud 
1   |     11011   |     3      |     11001     |   25    |  625
2   |     00101   |     3      |     00111     |    7    |   49
3   |     10010   |     3      |     10010     |   18    |  324
4   |     10110   |     3      |     10110     |   22    |  484
5   |     01101   |     3      |     01101     |   13    |  169
6   |     11001   |     3      |     11001     |   25    |  625
7   |     01111   |     3      |     01110     |   14    |  196
8   |     00010   |     3      |     00011     |    3    |    9
9   |     11011   |     3      |     11001     |   25    |  625
10   |     10001   |     3      |     10011     |   19    |  361
11   |     11010   |     3      |     11010     |   26    |  676
12   |     11010   |     3      |     11010     |   26    |  676
13   |     10001   |     3      |     10011     |   19    |  361
14   |     10111   |     3      |     10101     |   21    |  441
15   |     00101   |     3      |     00101     |    5    |   25
16   |     00101   |     3      |     00101     |    5    |   25
17   |     10111   |     3      |     10110     |   22    |  484
18   |     10110   |     3      |     10111     |   23    |  529
19   |     10111   |     3      |     10101     |   21    |  441
20   |     10001   |     3      |     10011     |   19    |  361
21   |     10010   |     3      |     10001     |   17    |  289
22   |     00101   |     3      |     00110     |    6    |   36
23   |     11011   |     3      |     11011     |   27    |  729
24   |     11011   |     3      |     11011     |   27    |  729
25   |     11111   |     3      |     11101     |   29    |  841
26   |     01101   |     3      |     01111     |   15    |  225
27   |     10111   |     3      |     10110     |   22    |  484
28   |     11010   |     3      |     11011     |   27    |  729
29   |     01001   |     3      |     01010     |   10    |  100
30   |     00010   |     3      |     00001     |    1    |    1
31   |     11011   |     3      |     11010     |   26    |  676
32   |     11010   |     3      |     11011     |   27    |  729
Suma                                                      |   13054
Promedio                                                  | 407.938
Max                                                       |     841
Min                                                       |       1


10a generacion | Tabla 2
No. |    Cruza    |Pto. de cruza| Descendencia | Valor x | Aptitud 
1   |     00001   |     3      |     00011     |    3    |    9
2   |     01111   |     3      |     01101     |   13    |  169
3   |     01011   |     3      |     01010     |   10    |  100
4   |     11010   |     3      |     11011     |   27    |  729
5   |     10100   |     3      |     10110     |   22    |  484
6   |     11010   |     3      |     11000     |   24    |  576
7   |     01011   |     3      |     01001     |    9    |   81
8   |     00001   |     3      |     00011     |    3    |    9
9   |     11110   |     3      |     11110     |   30    |  900
10   |     01010   |     3      |     01010     |   10    |  100
11   |     10001   |     3      |     10001     |   17    |  289
12   |     01001   |     3      |     01001     |    9    |   81
13   |     00110   |     3      |     00101     |    5    |   25
14   |     10001   |     3      |     10010     |   18    |  324
15   |     10110   |     3      |     10100     |   20    |  400
16   |     10100   |     3      |     10110     |   22    |  484
17   |     10010   |     3      |     10010     |   18    |  324
18   |     11110   |     3      |     11110     |   30    |  900
19   |     10100   |     3      |     10111     |   23    |  529
20   |     01011   |     3      |     01000     |    8    |   64
21   |     11101   |     3      |     11110     |   30    |  900
22   |     00110   |     3      |     00101     |    5    |   25
23   |     00110   |     3      |     00101     |    5    |   25
24   |     10001   |     3      |     10010     |   18    |  324
25   |     10100   |     3      |     10100     |   20    |  400
26   |     10100   |     3      |     10100     |   20    |  400
27   |     11010   |     3      |     11011     |   27    |  729
28   |     01011   |     3      |     01010     |   10    |  100
29   |     01000   |     3      |     01000     |    8    |   64
30   |     11000   |     3      |     11000     |   24    |  576
31   |     00001   |     3      |     00000     |    0    |    0
32   |     11000   |     3      |     11001     |   25    |  625
Suma                                                      |   10745
Promedio                                                  | 335.781
Max                                                       |     900
Min                                                       |       0


1a generacion | Tabla 2
No. |    Cruza    |Pto. de cruza| Descendencia | Valor x | Aptitud 
1   |     11110   |     3      |     11100     |   28    |  784
2   |     10100   |     3      |     10110     |   22    |  484
3   |     10010   |     3      |     10011     |   19    |  361
4   |     11011   |     3      |     11010     |   26    |  676
5   |     11011   |     3      |     11010     |   26    |  676
6   |     10010   |     3      |     10011     |   19    |  361
7   |     10001   |     3      |     10001     |   17    |  289
8   |     11101   |     3      |     11101     |   29    |  841
9   |     01101   |     3      |     01101     |   13    |  169
10   |     11101   |     3      |     11101     |   29    |  841
11   |     11110   |     3      |     11101     |   29    |  841
12   |     00101   |     3      |     00110     |    6    |   36
13   |     01101   |     3      |     01101     |   13    |  169
14   |     01101   |     3      |     01101     |   13    |  169
15   |     10010   |     3      |     10010     |   18    |  324
16   |     00010   |     3      |     00010     |    2    |    4
17   |     00111   |     3      |     00110     |    6    |   36
18   |     10010   |     3      |     10011     |   19    |  361
19   |     11110   |     3      |     11111     |   31    |  961
20   |     11011   |     3      |     11010     |   26    |  676
21   |     10001   |     3      |     10011     |   19    |  361
22   |     01111   |     3      |     01101     |   13    |  169
23   |     10101   |     3      |     10110     |   22    |  484
24   |     11010   |     3      |     11001     |   25    |  625
25   |     01001   |     3      |     01001     |    9    |   81
26   |     11001   |     3      |     11001     |   25    |  625
27   |     00110   |     3      |     00100     |    4    |   16
28   |     10100   |     3      |     10110     |   22    |  484
29   |     11110   |     3      |     11101     |   29    |  841
30   |     01101   |     3      |     01110     |   14    |  196
31   |     01111   |     3      |     01101     |   13    |  169
32   |     01001   |     3      |     01011     |   11    |  121
Suma                                                      |   13231
Promedio                                                  | 413.469
Max                                                       |     961
Min                                                       |       4


15a generacion | Tabla 2
No. |    Cruza    |Pto. de cruza| Descendencia | Valor x | Aptitud 
1   |     11000   |     3      |     11011     |   27    |  729
2   |     10011   |     3      |     10000     |   16    |  256
3   |     01001   |     3      |     01001     |    9    |   81
4   |     10001   |     3      |     10001     |   17    |  289
5   |     11001   |     3      |     11011     |   27    |  729
6   |     00011   |     3      |     00001     |    1    |    1
7   |     00100   |     3      |     00110     |    6    |   36
8   |     10010   |     3      |     10000     |   16    |  256
9   |     10010   |     3      |     10010     |   18    |  324
10   |     10010   |     3      |     10010     |   18    |  324
11   |     10000   |     3      |     10001     |   17    |  289
12   |     10001   |     3      |     10000     |   16    |  256
13   |     00100   |     3      |     00100     |    4    |   16
14   |     11000   |     3      |     11000     |   24    |  576
15   |     10011   |     3      |     10000     |   16    |  256
16   |     01000   |     3      |     01011     |   11    |  121
17   |     01111   |     3      |     01100     |   12    |  144
18   |     10000   |     3      |     10011     |   19    |  361
19   |     10000   |     3      |     10010     |   18    |  324
20   |     10010   |     3      |     10000     |   16    |  256
21   |     11000   |     3      |     11010     |   26    |  676
22   |     10010   |     3      |     10000     |   16    |  256
23   |     10000   |     3      |     10000     |   16    |  256
24   |     11000   |     3      |     11000     |   24    |  576
25   |     10010   |     3      |     10000     |   16    |  256
26   |     01000   |     3      |     01010     |   10    |  100
27   |     01101   |     3      |     01111     |   15    |  225
28   |     01011   |     3      |     01001     |    9    |   81
29   |     10011   |     3      |     10001     |   17    |  289
30   |     00101   |     3      |     00111     |    7    |   49
31   |     10010   |     3      |     10001     |   17    |  289
32   |     01101   |     3      |     01110     |   14    |  196
Suma                                                      |    8873
Promedio                                                  | 277.281
Max                                                       |     729
Min                                                       |       1


1a generacion | Tabla 2
No. |    Cruza    |Pto. de cruza| Descendencia | Valor x | Aptitud 
1   |     10010   |     3      |     10011     |   19    |  361
2   |     00011   |     3      |     00010     |    2    |    4
3   |     11110   |     3      |     11110     |   30    |  900
4   |     10010   |     3      |     10010     |   18    |  324
5   |     11011   |     3      |     11000     |   24    |  576
6   |     11000   |     3      |     11011     |   27    |  729
7   |     00100   |     3      |     00110     |    6    |   36
8   |     10010   |     3      |     10000     |   16    |  256
9   |     00100   |     3      |     00110     |    6    |   36
10   |     11010   |     3      |     11000     |   24    |  576
11   |     11000   |     3      |     11000     |   24    |  576
12   |     11000   |     3      |     11000     |   24    |  576
13   |     10011   |     3      |     10001     |   17    |  289
14   |     01001   |     3      |     01011     |   11    |  121
15   |     10011   |     3      |     10001     |   17    |  289
16   |     11101   |     3      |     11111     |   31    |  961
17   |     00011   |     3      |     00011     |    3    |    9
18   |     01011   |     3      |     01011     |   11    |  121
19   |     11110   |     3      |     11111     |   31    |  961
20   |     11011   |     3      |     11010     |   26    |  676
21   |     01001   |     3      |     01010     |   10    |  100
22   |     10010   |     3      |     10001     |   17    |  289
23   |     11001   |     3      |     11010     |   26    |  676
24   |     11110   |     3      |     11101     |   29    |  841
25   |     01011   |     3      |     01001     |    9    |   81
26   |     01001   |     3      |     01011     |   11    |  121
27   |     01011   |     3      |     01011     |   11    |  121
28   |     11011   |     3      |     11011     |   27    |  729
29   |     00011   |     3      |     00011     |    3    |    9
30   |     01011   |     3      |     01011     |   11    |  121
31   |     00101   |     3      |     00111     |    7    |   49
32   |     10011   |     3      |     10001     |   17    |  289
Suma                                                      |   11803
Promedio                                                  | 368.844
Max                                                       |     961
Min                                                       |       4


12a generacion | Tabla 2
No. |    Cruza    |Pto. de cruza| Descendencia | Valor x | Aptitud 
1   |     11101   |     3      |     11101     |   29    |  841
2   |     11101   |     3      |     11101     |   29    |  841
3   |     00100   |     3      |     00100     |    4    |   16
4   |     10000   |     3      |     10000     |   16    |  256
5   |     11101   |     3      |     11100     |   28    |  784
6   |     10000   |     3      |     10001     |   17    |  289
7   |     01101   |     3      |     01111     |   15    |  225
8   |     01011   |     3      |     01001     |    9    |   81
9   |     11110   |     3      |     11101     |   29    |  841
10   |     01101   |     3      |     01110     |   14    |  196
11   |     00010   |     3      |     00001     |    1    |    1
12   |     11101   |     3      |     11110     |   30    |  900
13   |     00110   |     3      |     00101     |    5    |   25
14   |     11101   |     3      |     11110     |   30    |  900
15   |     01010   |     3      |     01000     |    8    |   64
16   |     10000   |     3      |     10010     |   18    |  324
17   |     10100   |     3      |     10101     |   21    |  441
18   |     01001   |     3      |     01000     |    8    |   64
19   |     01100   |     3      |     01100     |   12    |  144
20   |     00100   |     3      |     00100     |    4    |   16
21   |     11111   |     3      |     11111     |   31    |  961
22   |     10111   |     3      |     10111     |   23    |  529
23   |     01000   |     3      |     01001     |    9    |   81
24   |     10001   |     3      |     10000     |   16    |  256
25   |     00110   |     3      |     00111     |    7    |   49
26   |     01011   |     3      |     01010     |   10    |  100
27   |     01011   |     3      |     01010     |   10    |  100
28   |     01110   |     3      |     01111     |   15    |  225
29   |     10000   |     3      |     10001     |   17    |  289
30   |     10101   |     3      |     10100     |   20    |  400
31   |     11101   |     3      |     11111     |   31    |  961
32   |     01011   |     3      |     01001     |    9    |   81
Suma                                                      |   11281
Promedio                                                  | 352.531
Max                                                       |     961
Min                                                       |       1


1a generacion | Tabla 2
No. |    Cruza    |Pto. de cruza| Descendencia | Valor x | Aptitud 
1   |     11110   |     3      |     11111     |   31    |  961
2   |     11111   |     3      |     11110     |   30    |  900
3   |     10001   |     3      |     10011     |   19    |  361
4   |     01011   |     3      |     01001     |    9    |   81
5   |     00010   |     3      |     00010     |    2    |    4
6   |     10110   |     3      |     10110     |   22    |  484
7   |     01110   |     3      |     01110     |   14    |  196
8   |     01110   |     3      |     01110     |   14    |  196
9   |     01101   |     3      |     01110     |   14    |  196
10   |     01110   |     3      |     01101     |   13    |  169
11   |     11001   |     3      |     11010     |   26    |  676
12   |     00010   |     3      |     00001     |    1    |    1
13   |     10010   |     3      |     10010     |   18    |  324
14   |     00010   |     3      |     00010     |    2    |    4
15   |     11001   |     3      |     11001     |   25    |  625
16   |     01001   |     3      |     01001     |    9    |   81
17   |     10101   |     3      |     10100     |   20    |  400
18   |     10100   |     3      |     10101     |   21    |  441
19   |     00010   |     3      |     00010     |    2    |    4
20   |     11110   |     3      |     11110     |   30    |  900
21   |     01000   |     3      |     01010     |   10    |  100
22   |     10110   |     3      |     10100     |   20    |  400
23   |     10010   |     3      |     10010     |   18    |  324
24   |     11110   |     3      |     11110     |   30    |  900
25   |     10010   |     3      |     10010     |   18    |  324
26   |     01110   |     3      |     01110     |   14    |  196
27   |     01001   |     3      |     01010     |   10    |  100
28   |     00010   |     3      |     00001     |    1    |    1
29   |     11110   |     3      |     11101     |   29    |  841
30   |     10001   |     3      |     10010     |   18    |  324
31   |     10010   |     3      |     10010     |   18    |  324
32   |     01110   |     3      |     01110     |   14    |  196
Suma                                                      |   11034
Promedio                                                  | 344.812
Max                                                       |     961
Min                                                       |       1


12a generacion | Tabla 2
No. |    Cruza    |Pto. de cruza| Descendencia | Valor x | Aptitud 
1   |     01101   |     3      |     01110     |   14    |  196
2   |     11010   |     3      |     11001     |   25    |  625
3   |     01101   |     3      |     01110     |   14    |  196
4   |     00110   |     3      |     00101     |    5    |   25
5   |     11110   |     3      |     11100     |   28    |  784
6   |     11000   |     3      |     11010     |   26    |  676
7   |     11111   |     3      |     11101     |   29    |  841
8   |     00101   |     3      |     00111     |    7    |   49
9   |     11000   |     3      |     11001     |   25    |  625
10   |     01101   |     3      |     01100     |   12    |  144
11   |     11111   |     3      |     11101     |   29    |  841
12   |     01101   |     3      |     01111     |   15    |  225
13   |     00010   |     3      |     00011     |    3    |    9
14   |     01111   |     3      |     01110     |   14    |  196
15   |     11000   |     3      |     11000     |   24    |  576
16   |     11000   |     3      |     11000     |   24    |  576
17   |     11000   |     3      |     11001     |   25    |  625
18   |     01101   |     3      |     01100     |   12    |  144
19   |     01101   |     3      |     01100     |   12    |  144
20   |     11000   |     3      |     11001     |   25    |  625
21   |     01110   |     3      |     01111     |   15    |  225
22   |     01111   |     3      |     01110     |   14    |  196
23   |     00100   |     3      |     00101     |    5    |   25
24   |     01101   |     3      |     01100     |   12    |  144
25   |     11111   |     3      |     11111     |   31    |  961
26   |     01111   |     3      |     01111     |   15    |  225
27   |     10111   |     3      |     10101     |   21    |  441
28   |     01101   |     3      |     01111     |   15    |  225
29   |     01101   |     3      |     01100     |   12    |  144
30   |     11000   |     3      |     11001     |   25    |  625
31   |     00100   |     3      |     00111     |    7    |   49
32   |     10111   |     3      |     10100     |   20    |  400
Suma                                                      |   11782
Promedio                                                  | 368.188
Max                                                       |     961
Min                                                       |       9


1a generacion | Tabla 2
No. |    Cruza    |Pto. de cruza| Descendencia | Valor x | Aptitud 
1   |     11001   |     3      |     11001     |   25    |  625
2   |     10101   |     3      |     10101     |   21    |  441
3   |     10111   |     3      |     10101     |   21    |  441
4   |     01101   |     3      |     01111     |   15    |  225
5   |     11111   |     3      |     11110     |   30    |  900
6   |     01010   |     3      |     01011     |   11    |  121
7   |     10110   |     3      |     10110     |   22    |  484
8   |     10110   |     3      |     10110     |   22    |  484
9   |     00011   |     3      |     00011     |    3    |    9
10   |     11111   |     3      |     11111     |   31    |  961
11   |     00100   |     3      |     00110     |    6    |   36
12   |     10110   |     3      |     10100     |   20    |  400
13   |     11111   |     3      |     11101     |   29    |  841
14   |     00101   |     3      |     00111     |    7    |   49
15   |     10011   |     3      |     10001     |   17    |  289
16   |     10001   |     3      |     10011     |   19    |  361
17   |     11001   |     3      |     11011     |   27    |  729
18   |     11111   |     3      |     11101     |   29    |  841
19   |     01010   |     3      |     01010     |   10    |  100
20   |     01010   |     3      |     01010     |   10    |  100
21   |     10110   |     3      |     10110     |   22    |  484
22   |     01110   |     3      |     01110     |   14    |  196
23   |     11001   |     3      |     11010     |   26    |  676
24   |     10110   |     3      |     10101     |   21    |  441
25   |     00011   |     3      |     00001     |    1    |    1
26   |     10001   |     3      |     10011     |   19    |  361
27   |     11111   |     3      |     11100     |   28    |  784
28   |     00100   |     3      |     00111     |    7    |   49
29   |     00101   |     3      |     00111     |    7    |   49
30   |     11111   |     3      |     11101     |   29    |  841
31   |     00101   |     3      |     00101     |    5    |   25
32   |     11001   |     3      |     11001     |   25    |  625
Suma                                                      |   12969
Promedio                                                  | 405.281
Max                                                       |     961
Min                                                       |       1


15a generacion | Tabla 2
No. |    Cruza    |Pto. de cruza| Descendencia | Valor x | Aptitud 
1   |     10001   |     3      |     10001     |   17    |  289
2   |     10001   |     3      |     10001     |   17    |  289
3   |     10011   |     3      |     10011     |   19    |  361
4   |     01011   |     3      |     01011     |   11    |  121
5   |     11001   |     3      |     11010     |   26    |  676
6   |     11010   |     3      |     11001     |   25    |  625
7   |     11001   |     3      |     11001     |   25    |  625
8   |     11101   |     3      |     11101     |   29    |  841
9   |     11000   |     3      |     11001     |   25    |  625
10   |     11101   |     3      |     11100     |   28    |  784
11   |     11110   |     3      |     11100     |   28    |  784
12   |     00100   |     3      |     00110     |    6    |   36
13   |     10100   |     3      |     10111     |   23    |  529
14   |     10011   |     3      |     10000     |   16    |  256
15   |     10010   |     3      |     10001     |   17    |  289
16   |     10101   |     3      |     10110     |   22    |  484
17   |     11000   |     3      |     11011     |   27    |  729
18   |     01011   |     3      |     01000     |    8    |   64
19   |     00001   |     3      |     00001     |    1    |    1
20   |     01101   |     3      |     01101     |   13    |  169
21   |     00100   |     3      |     00100     |    4    |   16
22   |     11000   |     3      |     11000     |   24    |  576
23   |     11001   |     3      |     11001     |   25    |  625
24   |     11001   |     3      |     11001     |   25    |  625
25   |     11101   |     3      |     11100     |   28    |  784
26   |     11000   |     3      |     11001     |   25    |  625
27   |     10101   |     3      |     10110     |   22    |  484
28   |     10010   |     3      |     10001     |   17    |  289
29   |     10100   |     3      |     10101     |   21    |  441
30   |     00001   |     3      |     00000     |    0    |    0
31   |     00011   |     3      |     00001     |    1    |    1
32   |     11101   |     3      |     11111     |   31    |  961
Suma                                                      |   14004
Promedio                                                  | 437.625
Max                                                       |     961
Min                                                       |       0


